symbol,timestamp,open,high,low,close,volume,trade_count,vwap
SLVP,2023-07-17 13:00:00+00:00,10.51,10.51,10.3,10.44,15258.0,80.0,10.443517
SLVP,2023-07-17 14:00:00+00:00,10.4399,10.52,10.4399,10.52,17382.0,115.0,10.480847
SLVP,2023-07-17 15:00:00+00:00,10.495,10.52,10.42,10.52,16275.0,101.0,10.473654
SLVP,2023-07-17 16:00:00+00:00,10.51,10.53,10.4847,10.53,5409.0,78.0,10.511041
SLVP,2023-07-17 17:00:00+00:00,10.52,10.55,10.49,10.55,9300.0,67.0,10.516913
SLVP,2023-07-17 18:00:00+00:00,10.55,10.55,10.51,10.54,12580.0,108.0,10.538546
SLVP,2023-07-17 19:00:00+00:00,10.54,10.56,10.52,10.55,9593.0,171.0,10.543032
SLVP,2023-07-18 12:00:00+00:00,10.53,10.53,10.53,10.53,170.0,1.0,10.53
SLVP,2023-07-18 13:00:00+00:00,10.58,10.74,10.58,10.74,9239.0,107.0,10.683752
SLVP,2023-07-18 14:00:00+00:00,10.7899,10.88,10.7899,10.84,7064.0,46.0,10.831237
SLVP,2023-07-18 15:00:00+00:00,10.84,10.87,10.82,10.8375,8269.0,29.0,10.847005
SLVP,2023-07-18 16:00:00+00:00,10.83,10.8579,10.79,10.79,2733.0,16.0,10.827314
SLVP,2023-07-18 17:00:00+00:00,10.77,10.7947,10.73,10.7699,2701.0,10.0,10.760415
SLVP,2023-07-18 18:00:00+00:00,10.75,10.84,10.73,10.84,2262.0,14.0,10.77388
SLVP,2023-07-18 19:00:00+00:00,10.79,10.84,10.78,10.8,4211.0,29.0,10.806785
SLVP,2023-07-18 20:00:00+00:00,10.83,10.83,10.83,10.83,658.0,1.0,10.83
SLVP,2023-07-18 23:00:00+00:00,10.79,10.79,10.79,10.79,1000.0,1.0,10.79
SLVP,2023-07-19 13:00:00+00:00,10.26,10.8387,10.26,10.8007,6758.0,19.0,10.806212
SLVP,2023-07-19 14:00:00+00:00,10.7926,10.84,10.7719,10.81,5851.0,23.0,10.803599
SLVP,2023-07-19 15:00:00+00:00,10.81,10.8489,10.78,10.7801,2980.0,11.0,10.812567
SLVP,2023-07-19 16:00:00+00:00,10.775,10.78,10.7559,10.78,2205.0,16.0,10.774944
SLVP,2023-07-19 17:00:00+00:00,10.78,10.815,10.78,10.81,3914.0,25.0,10.79796
SLVP,2023-07-19 18:00:00+00:00,10.7843,10.84,10.78,10.81,1899.0,27.0,10.815838
SLVP,2023-07-19 19:00:00+00:00,10.84,10.85,10.8,10.8,7921.0,31.0,10.811401
SLVP,2023-07-19 20:00:00+00:00,10.85,10.85,10.85,10.85,732.0,1.0,10.85
SLVP,2023-07-20 13:00:00+00:00,10.67,10.78,10.632,10.75,5751.0,43.0,10.731407
SLVP,2023-07-20 14:00:00+00:00,10.66,10.7,10.52,10.53,8419.0,39.0,10.606151
SLVP,2023-07-20 15:00:00+00:00,10.55,10.58,10.51,10.51,15132.0,76.0,10.545924
SLVP,2023-07-20 16:00:00+00:00,10.51,10.5399,10.49,10.52,11315.0,62.0,10.502449
SLVP,2023-07-20 17:00:00+00:00,10.5291,10.5352,10.5,10.51,1841.0,20.0,10.514399
SLVP,2023-07-20 18:00:00+00:00,10.5,10.5099,10.48,10.5099,1876.0,18.0,10.498041
SLVP,2023-07-20 19:00:00+00:00,10.49,10.51,10.43,10.43,5972.0,31.0,10.479397
SLVP,2023-07-20 20:00:00+00:00,10.46,10.46,10.46,10.46,680.0,1.0,10.46
SLVP,2023-07-21 13:00:00+00:00,10.31,10.47,10.31,10.415,8205.0,37.0,10.370235
SLVP,2023-07-21 14:00:00+00:00,10.4,10.44,10.3528,10.44,2768.0,9.0,10.376817
SLVP,2023-07-21 15:00:00+00:00,10.45,10.45,10.4201,10.4201,2204.0,5.0,10.422739
SLVP,2023-07-21 16:00:00+00:00,10.39,10.3999,10.36,10.36,3469.0,21.0,10.384989
SLVP,2023-07-21 17:00:00+00:00,10.38,10.395,10.3784,10.39,1854.0,14.0,10.384743
SLVP,2023-07-21 18:00:00+00:00,10.38,10.42,10.38,10.4035,1500.0,4.0,10.402463
SLVP,2023-07-21 19:00:00+00:00,10.39,10.41,10.373,10.41,5917.0,10.0,10.393767
SLVP,2023-07-21 20:00:00+00:00,10.46,10.63,10.43,10.63,1582.0,4.0,10.544071
SLVP,2023-07-24 11:00:00+00:00,10.32,10.32,10.32,10.32,260.0,2.0,10.315385
SLVP,2023-07-24 13:00:00+00:00,10.34,10.4427,10.31,10.3429,14753.0,94.0,10.376428
SLVP,2023-07-24 14:00:00+00:00,10.375,10.375,10.25,10.32,26101.0,92.0,10.293966
SLVP,2023-07-24 15:00:00+00:00,10.32,10.334,10.32,10.325,1309.0,12.0,10.326173
SLVP,2023-07-24 16:00:00+00:00,10.32,10.3298,10.31,10.3298,6849.0,13.0,10.328492
SLVP,2023-07-24 17:00:00+00:00,10.315,10.33,10.31,10.33,680.0,6.0,10.316471
SLVP,2023-07-24 18:00:00+00:00,10.32,10.32,10.3,10.315,3398.0,30.0,10.309855
SLVP,2023-07-24 19:00:00+00:00,10.29,10.3099,10.27,10.29,1702.0,10.0,10.286081
SLVP,2023-07-25 13:00:00+00:00,10.27,10.3409,10.23,10.335,3418.0,14.0,10.278721
SLVP,2023-07-25 14:00:00+00:00,10.33,10.41,10.32,10.41,4380.0,31.0,10.37309
SLVP,2023-07-25 15:00:00+00:00,10.42,10.4256,10.3901,10.4256,3081.0,7.0,10.403246
SLVP,2023-07-25 16:00:00+00:00,10.4096,10.41,10.38,10.3801,1405.0,6.0,10.396555
SLVP,2023-07-25 17:00:00+00:00,10.385,10.4,10.36,10.4,2388.0,20.0,10.384434
SLVP,2023-07-25 18:00:00+00:00,10.43,10.4599,10.4134,10.45,2862.0,11.0,10.446179
SLVP,2023-07-25 19:00:00+00:00,10.45,10.49,10.445,10.45,3213.0,20.0,10.460719
SLVP,2023-07-25 20:00:00+00:00,10.45,10.45,10.45,10.45,123.0,1.0,10.45
SLVP,2023-07-26 13:00:00+00:00,10.45,10.499,10.45,10.465,3782.0,6.0,10.472922
SLVP,2023-07-26 14:00:00+00:00,10.4995,10.4995,10.3801,10.44,3672.0,23.0,10.43639
SLVP,2023-07-26 15:00:00+00:00,10.435,10.5099,10.425,10.5099,11671.0,35.0,10.47138
SLVP,2023-07-26 16:00:00+00:00,10.4801,10.4801,10.4301,10.4301,4167.0,12.0,10.472379
SLVP,2023-07-26 17:00:00+00:00,10.41,10.41,10.41,10.41,102.0,2.0,10.410196
SLVP,2023-07-26 18:00:00+00:00,10.39,10.5169,10.3601,10.48,1680.0,10.0,10.453164
SLVP,2023-07-26 19:00:00+00:00,10.4735,10.51,10.42,10.51,6314.0,50.0,10.440842
SLVP,2023-07-27 13:00:00+00:00,10.33,10.34,10.075,10.12,10042.0,92.0,10.173799
SLVP,2023-07-27 14:00:00+00:00,10.12,10.15,10.08,10.1273,9861.0,53.0,10.117214
SLVP,2023-07-27 15:00:00+00:00,10.14,10.2001,10.09,10.1277,9386.0,36.0,10.15393
SLVP,2023-07-27 16:00:00+00:00,10.13,10.1489,10.0832,10.0973,7215.0,31.0,10.116916
SLVP,2023-07-27 17:00:00+00:00,10.1189,10.1189,10.0,10.0499,11820.0,60.0,10.035675
SLVP,2023-07-27 18:00:00+00:00,10.03,10.03,9.99,9.99,9934.0,54.0,10.005432
SLVP,2023-07-27 19:00:00+00:00,9.99,10.0,9.94,9.94,21870.0,146.0,9.985143
SLVP,2023-07-28 13:00:00+00:00,9.97,10.1,9.955,10.1,11864.0,36.0,10.00733
SLVP,2023-07-28 14:00:00+00:00,10.09,10.14,10.0301,10.0301,2476.0,21.0,10.098343
SLVP,2023-07-28 15:00:00+00:00,10.04,10.1,10.04,10.0901,7540.0,27.0,10.082243
SLVP,2023-07-28 16:00:00+00:00,10.12,10.1299,10.1001,10.115,5933.0,17.0,10.117809
SLVP,2023-07-28 17:00:00+00:00,10.07,10.1,10.07,10.1,3074.0,7.0,10.084141
SLVP,2023-07-28 18:00:00+00:00,10.11,10.1199,10.11,10.1199,400.0,4.0,10.112475
SLVP,2023-07-28 19:00:00+00:00,10.1,10.12,10.07,10.07,69943.0,112.0,10.115322
SLVP,2023-07-28 20:00:00+00:00,10.07,10.07,10.07,10.07,224.0,2.0,10.07
SLVP,2023-07-31 13:00:00+00:00,10.08,10.4499,10.08,10.4499,19368.0,113.0,10.341077
SLVP,2023-07-31 14:00:00+00:00,10.4424,10.48,10.4087,10.43,21446.0,60.0,10.438353
SLVP,2023-07-31 15:00:00+00:00,10.44,10.5414,10.42,10.53,12704.0,88.0,10.497133
SLVP,2023-07-31 16:00:00+00:00,10.5499,10.55,10.5001,10.5099,14267.0,48.0,10.532121
SLVP,2023-07-31 17:00:00+00:00,10.5099,10.56,10.5099,10.55,4750.0,26.0,10.520371
SLVP,2023-07-31 18:00:00+00:00,10.5519,10.5519,10.5,10.5,1395.0,8.0,10.534273
SLVP,2023-07-31 19:00:00+00:00,10.5001,10.508,10.456,10.46,42330.0,135.0,10.463731
SLVP,2023-07-31 20:00:00+00:00,10.47,10.47,10.47,10.47,202.0,1.0,10.47
SLVP,2023-08-01 13:00:00+00:00,10.25,10.25,10.015,10.1577,2859.0,19.0,10.174132
SLVP,2023-08-01 14:00:00+00:00,10.165,10.165,10.14,10.14,6924.0,19.0,10.155088
SLVP,2023-08-01 15:00:00+00:00,10.16,10.17,10.07,10.07,17866.0,71.0,10.088301
SLVP,2023-08-01 16:00:00+00:00,10.09,10.09,10.02,10.04,10381.0,31.0,10.059053
SLVP,2023-08-01 17:00:00+00:00,10.04,10.05,10.0149,10.03,2058.0,18.0,10.034444
SLVP,2023-08-01 18:00:00+00:00,10.025,10.0599,10.01,10.05,6803.0,31.0,10.047142
SLVP,2023-08-01 19:00:00+00:00,10.03,10.05,10.0139,10.02,22962.0,33.0,10.038383
SLVP,2023-08-01 22:00:00+00:00,10.02,10.02,10.02,10.02,5.0,1.0,10.0
SLVP,2023-08-02 13:00:00+00:00,10.0,10.0,9.82,9.86,7649.0,34.0,9.94466
SLVP,2023-08-02 14:00:00+00:00,9.84,9.85,9.6601,9.68,15949.0,89.0,9.739378
SLVP,2023-08-02 15:00:00+00:00,9.6774,9.6899,9.64,9.655,8835.0,59.0,9.658386
SLVP,2023-08-02 16:00:00+00:00,9.67,9.74,9.67,9.7157,6016.0,32.0,9.704959
SLVP,2023-08-02 17:00:00+00:00,9.725,9.7681,9.71,9.71,3337.0,28.0,9.736773
SLVP,2023-08-02 18:00:00+00:00,9.7155,9.7299,9.7001,9.7255,3038.0,9.0,9.709577
SLVP,2023-08-02 19:00:00+00:00,9.71,9.7148,9.68,9.695,9601.0,71.0,9.695187
SLVP,2023-08-02 20:00:00+00:00,9.68,9.68,9.68,9.68,182.0,2.0,9.68
SLVP,2023-08-03 13:00:00+00:00,9.68,9.69,9.551,9.57,14044.0,67.0,9.627119
SLVP,2023-08-03 14:00:00+00:00,9.57,9.5997,9.52,9.56,20338.0,135.0,9.556646
SLVP,2023-08-03 15:00:00+00:00,9.55,9.5699,9.51,9.51,4842.0,34.0,9.554848
SLVP,2023-08-03 16:00:00+00:00,9.5202,9.6,9.52,9.6,2153.0,23.0,9.551864
SLVP,2023-08-03 17:00:00+00:00,9.58,9.609,9.58,9.609,5103.0,23.0,9.602046
SLVP,2023-08-03 18:00:00+00:00,9.6,9.62,9.5539,9.5646,10786.0,19.0,9.596608
SLVP,2023-08-03 19:00:00+00:00,9.555,9.58,9.54,9.5799,4846.0,40.0,9.558795
SLVP,2023-08-04 13:00:00+00:00,9.57,9.82,9.57,9.79,14599.0,59.0,9.711137
SLVP,2023-08-04 14:00:00+00:00,9.7061,9.7244,9.6894,9.7,4088.0,10.0,9.715529
SLVP,2023-08-04 15:00:00+00:00,9.7,9.76,9.7,9.76,5338.0,19.0,9.731178
SLVP,2023-08-04 16:00:00+00:00,9.7399,9.75,9.72,9.72,3312.0,20.0,9.732749
SLVP,2023-08-04 17:00:00+00:00,9.72,9.7511,9.72,9.7511,6788.0,32.0,9.729862
SLVP,2023-08-04 18:00:00+00:00,9.75,9.75,9.6915,9.7,10804.0,34.0,9.712832
SLVP,2023-08-04 19:00:00+00:00,9.7,9.71,9.67,9.68,2529.0,19.0,9.685668
SLVP,2023-08-07 13:00:00+00:00,9.75,9.75,9.61,9.64,19996.0,220.0,9.691161
SLVP,2023-08-07 14:00:00+00:00,9.5899,9.67,9.5895,9.6,6881.0,32.0,9.631074
SLVP,2023-08-07 15:00:00+00:00,9.64,9.64,9.6341,9.6399,2023.0,5.0,9.639703
SLVP,2023-08-07 16:00:00+00:00,9.62,9.6347,9.62,9.62,3433.0,6.0,9.628564
SLVP,2023-08-07 17:00:00+00:00,9.61,9.64,9.61,9.64,3800.0,16.0,9.631221
SLVP,2023-08-07 18:00:00+00:00,9.64,9.6499,9.63,9.63,621.0,5.0,9.638678
SLVP,2023-08-07 19:00:00+00:00,9.6378,9.6499,9.6,9.6,3152.0,21.0,9.634
SLVP,2023-08-07 20:00:00+00:00,9.6,9.6,9.6,9.6,18.0,1.0,9.6
SLVP,2023-08-08 13:00:00+00:00,9.57,9.57,9.42,9.49,12918.0,61.0,9.520376
SLVP,2023-08-08 14:00:00+00:00,9.4901,9.56,9.4801,9.56,5711.0,16.0,9.499944
SLVP,2023-08-08 15:00:00+00:00,9.545,9.545,9.49,9.491,5213.0,26.0,9.521965
SLVP,2023-08-08 16:00:00+00:00,9.5,9.55,9.5,9.54,4628.0,23.0,9.532206
SLVP,2023-08-08 17:00:00+00:00,9.52,9.56,9.5,9.56,8957.0,20.0,9.534761
SLVP,2023-08-08 18:00:00+00:00,9.535,9.57,9.53,9.57,4140.0,7.0,9.543068
SLVP,2023-08-08 19:00:00+00:00,9.58,9.5957,9.54,9.57,8091.0,36.0,9.57726
SLVP,2023-08-09 13:00:00+00:00,9.54,9.54,9.4309,9.4847,6062.0,32.0,9.479236
SLVP,2023-08-09 14:00:00+00:00,9.5,9.5,9.4389,9.4389,8649.0,33.0,9.481298
SLVP,2023-08-09 15:00:00+00:00,9.44,9.4555,9.4168,9.42,1814.0,17.0,9.429779
SLVP,2023-08-09 16:00:00+00:00,9.4042,9.4443,9.4042,9.44,5736.0,12.0,9.437809
SLVP,2023-08-09 17:00:00+00:00,9.44,9.45,9.4287,9.4357,7571.0,17.0,9.442784
SLVP,2023-08-09 18:00:00+00:00,9.45,9.4547,9.42,9.42,1700.0,13.0,9.445805
SLVP,2023-08-09 19:00:00+00:00,9.42,9.45,9.4,9.4,7863.0,54.0,9.421643
SLVP,2023-08-09 20:00:00+00:00,9.42,9.42,9.42,9.42,105.0,1.0,9.42
SLVP,2023-08-10 13:00:00+00:00,9.41,9.6072,9.41,9.505,5222.0,18.0,9.550263
SLVP,2023-08-10 14:00:00+00:00,9.49,9.49,9.41,9.41,3724.0,15.0,9.428146
SLVP,2023-08-10 15:00:00+00:00,9.4,9.52,9.3815,9.4904,3079.0,35.0,9.459317
SLVP,2023-08-10 16:00:00+00:00,9.55,9.55,9.5001,9.5001,1881.0,6.0,9.507419
SLVP,2023-08-10 17:00:00+00:00,9.5327,9.5327,9.41,9.4171,1577.0,11.0,9.461233
SLVP,2023-08-10 18:00:00+00:00,9.4284,9.4284,9.41,9.41,733.0,4.0,9.420495
SLVP,2023-08-10 19:00:00+00:00,9.42,9.46,9.41,9.44,14376.0,35.0,9.454997
SLVP,2023-08-10 20:00:00+00:00,9.42,9.44,9.37,9.37,1817.0,5.0,9.387914
SLVP,2023-08-11 13:00:00+00:00,9.51,9.51,9.51,9.51,210.0,3.0,9.51
SLVP,2023-08-11 14:00:00+00:00,9.52,9.61,9.52,9.57,3550.0,16.0,9.565817
SLVP,2023-08-11 15:00:00+00:00,9.5666,9.63,9.52,9.52,4806.0,26.0,9.57214
SLVP,2023-08-11 16:00:00+00:00,9.55,9.596,9.55,9.596,1163.0,8.0,9.569652
SLVP,2023-08-11 17:00:00+00:00,9.55,9.59,9.55,9.55,955.0,6.0,9.57845
SLVP,2023-08-11 18:00:00+00:00,9.55,9.57,9.55,9.5601,10937.0,8.0,9.560735
SLVP,2023-08-11 19:00:00+00:00,9.57,9.63,9.57,9.6139,17872.0,33.0,9.59957
SLVP,2023-08-14 13:00:00+00:00,9.63,9.63,9.39,9.439,10787.0,74.0,9.531309
SLVP,2023-08-14 14:00:00+00:00,9.45,9.489,9.4269,9.4601,2993.0,18.0,9.472048
SLVP,2023-08-14 15:00:00+00:00,9.46,9.49,9.442,9.4899,2085.0,8.0,9.451739
SLVP,2023-08-14 16:00:00+00:00,9.5,9.52,9.49,9.52,1143.0,13.0,9.515174
SLVP,2023-08-14 17:00:00+00:00,9.5101,9.5369,9.51,9.51,1853.0,8.0,9.513448
SLVP,2023-08-14 18:00:00+00:00,9.539,9.55,9.51,9.51,14377.0,57.0,9.531998
SLVP,2023-08-14 19:00:00+00:00,9.5001,9.525,9.49,9.5193,8931.0,49.0,9.512789
SLVP,2023-08-15 13:00:00+00:00,9.41,9.41,9.3501,9.39,1146.0,15.0,9.394899
SLVP,2023-08-15 14:00:00+00:00,9.35,9.4566,9.35,9.43,9824.0,41.0,9.366821
SLVP,2023-08-15 15:00:00+00:00,9.4,9.44,9.4,9.4164,5486.0,8.0,9.412628
SLVP,2023-08-15 16:00:00+00:00,9.37,9.38,9.37,9.38,413.0,4.0,9.372591
SLVP,2023-08-15 17:00:00+00:00,9.32,9.3444,9.32,9.3444,3900.0,13.0,9.324903
SLVP,2023-08-15 18:00:00+00:00,9.32,9.32,9.28,9.3,15477.0,35.0,9.302902
SLVP,2023-08-15 19:00:00+00:00,9.299,9.2995,9.26,9.28,4231.0,26.0,9.276209
SLVP,2023-08-15 23:00:00+00:00,9.28,9.3,9.28,9.3,300.0,3.0,9.293333
SLVP,2023-08-16 13:00:00+00:00,9.34,9.34,9.25,9.25,10831.0,52.0,9.300278
SLVP,2023-08-16 14:00:00+00:00,9.28,9.319,9.245,9.27,6151.0,36.0,9.275253
SLVP,2023-08-16 15:00:00+00:00,9.236,9.27,9.2201,9.2591,14689.0,34.0,9.24532
SLVP,2023-08-16 16:00:00+00:00,9.201,9.229,9.19,9.2105,10143.0,25.0,9.207777
SLVP,2023-08-16 17:00:00+00:00,9.2,9.22,9.18,9.22,9397.0,22.0,9.215641
SLVP,2023-08-16 18:00:00+00:00,9.2085,9.24,9.19,9.24,1222.0,5.0,9.220516
SLVP,2023-08-16 19:00:00+00:00,9.1749,9.19,9.14,9.14,17871.0,50.0,9.16199
SLVP,2023-08-16 20:00:00+00:00,9.0,9.0,9.0,9.0,100.0,1.0,9.0
SLVP,2023-08-17 13:00:00+00:00,9.29,9.29,9.2,9.2,6396.0,22.0,9.261617
SLVP,2023-08-17 14:00:00+00:00,9.16,9.2,9.1433,9.2,4609.0,37.0,9.166946
SLVP,2023-08-17 15:00:00+00:00,9.19,9.2,9.18,9.1837,2860.0,19.0,9.189316
SLVP,2023-08-17 16:00:00+00:00,9.16,9.1695,9.14,9.15,4480.0,17.0,9.153809
SLVP,2023-08-17 17:00:00+00:00,9.14,9.15,9.12,9.139,2413.0,15.0,9.139452
SLVP,2023-08-17 18:00:00+00:00,9.12,9.13,9.0938,9.115,986.0,11.0,9.116755
SLVP,2023-08-17 19:00:00+00:00,9.12,9.17,9.11,9.17,12068.0,36.0,9.126487
SLVP,2023-08-18 13:00:00+00:00,9.14,9.1538,9.0885,9.13,3577.0,36.0,9.129988
SLVP,2023-08-18 14:00:00+00:00,9.1406,9.15,9.14,9.15,2103.0,10.0,9.144451
SLVP,2023-08-18 15:00:00+00:00,9.1599,9.1599,9.11,9.1101,2805.0,6.0,9.138695
SLVP,2023-08-18 16:00:00+00:00,9.16,9.1699,9.13,9.13,500.0,3.0,9.15196
SLVP,2023-08-18 17:00:00+00:00,9.1101,9.15,9.1101,9.15,3850.0,8.0,9.117465
SLVP,2023-08-18 18:00:00+00:00,9.145,9.17,9.145,9.17,1562.0,5.0,9.152391
SLVP,2023-08-18 19:00:00+00:00,9.1421,9.2,9.1421,9.19,17328.0,40.0,9.186682
SLVP,2023-08-18 23:00:00+00:00,9.19,9.19,9.17,9.17,200.0,2.0,9.18
SLVP,2023-08-21 13:00:00+00:00,9.11,9.16,9.09,9.0975,12640.0,62.0,9.117112
SLVP,2023-08-21 14:00:00+00:00,9.109,9.109,9.03,9.03,7410.0,61.0,9.062745
SLVP,2023-08-21 15:00:00+00:00,9.06,9.0719,9.04,9.04,6834.0,19.0,9.043428
SLVP,2023-08-21 16:00:00+00:00,9.05,9.08,9.04,9.08,2588.0,17.0,9.057782
SLVP,2023-08-21 17:00:00+00:00,9.0713,9.18,9.061,9.1607,13465.0,23.0,9.131633
SLVP,2023-08-21 18:00:00+00:00,9.1457,9.1799,9.14,9.15,700.0,6.0,9.154421
SLVP,2023-08-21 19:00:00+00:00,9.1494,9.1494,9.115,9.12,2690.0,10.0,9.126663
SLVP,2023-08-22 13:00:00+00:00,9.09,9.1334,9.0401,9.0401,3933.0,14.0,9.094688
SLVP,2023-08-22 14:00:00+00:00,9.05,9.07,9.03,9.07,1300.0,6.0,9.053054
SLVP,2023-08-22 15:00:00+00:00,9.118,9.15,9.11,9.15,13912.0,26.0,9.126515
SLVP,2023-08-22 16:00:00+00:00,9.1307,9.1307,9.1307,9.1307,275.0,1.0,9.1307
SLVP,2023-08-22 17:00:00+00:00,9.15,9.15,9.12,9.14,7664.0,14.0,9.138614
SLVP,2023-08-22 18:00:00+00:00,9.15,9.16,9.14,9.1595,2961.0,15.0,9.151483
SLVP,2023-08-22 19:00:00+00:00,9.16,9.21,9.1438,9.21,9500.0,23.0,9.163685
SLVP,2023-08-22 20:00:00+00:00,9.22,9.25,9.22,9.25,234.0,2.0,9.237051
SLVP,2023-08-23 13:00:00+00:00,9.23,9.5499,9.23,9.5499,16312.0,70.0,9.437343
SLVP,2023-08-23 14:00:00+00:00,9.55,9.6,9.4994,9.582,26434.0,85.0,9.567962
SLVP,2023-08-23 15:00:00+00:00,9.6,9.665,9.6,9.665,2632.0,17.0,9.623558
SLVP,2023-08-23 16:00:00+00:00,9.65,9.6687,9.6101,9.6101,5685.0,14.0,9.64507
SLVP,2023-08-23 17:00:00+00:00,9.6232,9.645,9.6232,9.63,4299.0,11.0,9.636267
SLVP,2023-08-23 18:00:00+00:00,9.6216,9.6399,9.6216,9.6399,3450.0,2.0,9.622926
SLVP,2023-08-23 19:00:00+00:00,9.59,9.62,9.57,9.595,3912.0,44.0,9.599427
SLVP,2023-08-24 13:00:00+00:00,9.52,9.5299,9.4101,9.515,7787.0,21.0,9.444926
SLVP,2023-08-24 14:00:00+00:00,9.5485,9.66,9.53,9.61,9206.0,30.0,9.6044
SLVP,2023-08-24 15:00:00+00:00,9.65,9.65,9.63,9.6399,516.0,11.0,9.640536
SLVP,2023-08-24 16:00:00+00:00,9.59,9.59,9.5596,9.5596,2905.0,3.0,9.5615
SLVP,2023-08-24 17:00:00+00:00,9.5201,9.5201,9.4801,9.4801,6036.0,17.0,9.508924
SLVP,2023-08-24 18:00:00+00:00,9.48,9.48,9.4695,9.47,1152.0,8.0,9.472961
SLVP,2023-08-24 19:00:00+00:00,9.5099,9.5195,9.47,9.51,910.0,7.0,9.500043
SLVP,2023-08-24 21:00:00+00:00,9.75,9.75,9.75,9.75,513.0,1.0,9.75
SLVP,2023-08-25 13:00:00+00:00,9.52,9.52,9.43,9.4836,5208.0,29.0,9.448902
SLVP,2023-08-25 14:00:00+00:00,9.53,9.55,9.29,9.29,4038.0,27.0,9.475706
SLVP,2023-08-25 15:00:00+00:00,9.3099,9.37,9.292,9.36,19556.0,16.0,9.35206
SLVP,2023-08-25 16:00:00+00:00,9.358,9.3899,9.34,9.34,4324.0,7.0,9.366714
SLVP,2023-08-25 18:00:00+00:00,9.42,9.42,9.415,9.415,1596.0,4.0,9.416692
SLVP,2023-08-25 19:00:00+00:00,9.4061,9.4199,9.38,9.4199,2199.0,8.0,9.397296
SLVP,2023-08-28 13:00:00+00:00,9.35,9.52,9.35,9.495,8768.0,60.0,9.41315
SLVP,2023-08-28 14:00:00+00:00,9.5251,9.585,9.5251,9.57,10192.0,15.0,9.562704
SLVP,2023-08-28 15:00:00+00:00,9.6199,9.66,9.605,9.66,6067.0,19.0,9.650551
SLVP,2023-08-28 16:00:00+00:00,9.6935,9.7,9.6777,9.6949,3613.0,17.0,9.692716
SLVP,2023-08-28 17:00:00+00:00,9.673,9.7,9.673,9.689,821.0,10.0,9.685802
SLVP,2023-08-28 18:00:00+00:00,9.6471,9.67,9.63,9.63,6117.0,16.0,9.652678
SLVP,2023-08-28 19:00:00+00:00,9.6797,9.6797,9.6495,9.6495,1671.0,6.0,9.661156
SLVP,2023-08-29 13:00:00+00:00,9.66,9.66,9.5932,9.5932,3409.0,21.0,9.635265
SLVP,2023-08-29 14:00:00+00:00,9.66,9.8347,9.66,9.74,11617.0,40.0,9.763661
SLVP,2023-08-29 15:00:00+00:00,9.75,9.82,9.75,9.814,19834.0,37.0,9.764098
SLVP,2023-08-29 16:00:00+00:00,9.8,9.8049,9.79,9.79,892.0,5.0,9.794594
SLVP,2023-08-29 17:00:00+00:00,9.7879,9.82,9.7879,9.82,403.0,3.0,9.806833
SLVP,2023-08-29 18:00:00+00:00,9.805,9.82,9.7901,9.82,1938.0,8.0,9.810732
SLVP,2023-08-29 19:00:00+00:00,9.8,9.87,9.8,9.87,8126.0,47.0,9.835177
SLVP,2023-08-30 13:00:00+00:00,10.0,10.01,9.93,9.93,9468.0,82.0,9.974602
SLVP,2023-08-30 14:00:00+00:00,9.91,9.9749,9.9001,9.9728,2821.0,21.0,9.949428
SLVP,2023-08-30 15:00:00+00:00,9.92,9.93,9.8671,9.9,2306.0,25.0,9.898913
SLVP,2023-08-30 16:00:00+00:00,9.9093,9.9093,9.8205,9.84,6082.0,20.0,9.860529
SLVP,2023-08-30 17:00:00+00:00,9.84,9.87,9.83,9.83,5711.0,24.0,9.84964
SLVP,2023-08-30 18:00:00+00:00,9.8001,9.8399,9.78,9.8399,5745.0,9.0,9.810403
SLVP,2023-08-30 19:00:00+00:00,9.84,9.84,9.78,9.83,3857.0,34.0,9.808019
SLVP,2023-08-31 13:00:00+00:00,9.73,9.8,9.73,9.78,2682.0,48.0,9.762619
SLVP,2023-08-31 14:00:00+00:00,9.8,9.8159,9.7412,9.75,9823.0,17.0,9.788598
SLVP,2023-08-31 15:00:00+00:00,9.71,9.72,9.65,9.6501,1874.0,12.0,9.681368
SLVP,2023-08-31 16:00:00+00:00,9.69,9.7067,9.67,9.67,2500.0,5.0,9.69348
SLVP,2023-08-31 17:00:00+00:00,9.69,9.69,9.69,9.69,1586.0,1.0,9.69
SLVP,2023-08-31 18:00:00+00:00,9.68,9.725,9.68,9.725,3245.0,6.0,9.716803
SLVP,2023-08-31 19:00:00+00:00,9.7336,9.7336,9.7,9.7035,1784.0,10.0,9.714882
SLVP,2023-09-01 13:00:00+00:00,9.78,9.8499,9.72,9.72,3311.0,59.0,9.764756
SLVP,2023-09-01 14:00:00+00:00,9.67,9.75,9.63,9.645,15376.0,40.0,9.679737
SLVP,2023-09-01 15:00:00+00:00,9.69,9.69,9.6775,9.6775,250.0,2.0,9.6825
SLVP,2023-09-01 16:00:00+00:00,9.6799,9.68,9.615,9.615,8987.0,18.0,9.665945
SLVP,2023-09-01 17:00:00+00:00,9.619,9.619,9.595,9.595,1489.0,8.0,9.606761
SLVP,2023-09-01 18:00:00+00:00,9.6199,9.62,9.58,9.585,4318.0,18.0,9.590582
SLVP,2023-09-01 19:00:00+00:00,9.57,9.57,9.54,9.565,4321.0,15.0,9.550784
SLVP,2023-09-05 13:00:00+00:00,9.41,9.4699,9.36,9.36,18960.0,156.0,9.409573
SLVP,2023-09-05 14:00:00+00:00,9.35,9.35,9.2346,9.26,14127.0,102.0,9.298665
SLVP,2023-09-05 15:00:00+00:00,9.2403,9.26,9.2261,9.25,4490.0,29.0,9.244223
SLVP,2023-09-05 16:00:00+00:00,9.2875,9.2875,9.25,9.25,3109.0,14.0,9.262924
SLVP,2023-09-05 17:00:00+00:00,9.26,9.27,9.22,9.23,6721.0,35.0,9.254483
SLVP,2023-09-05 18:00:00+00:00,9.24,9.24,9.24,9.24,100.0,1.0,9.24
SLVP,2023-09-05 19:00:00+00:00,9.22,9.2391,9.2,9.2299,5510.0,46.0,9.224594
SLVP,2023-09-05 20:00:00+00:00,9.2299,9.2299,9.2299,9.2299,1.0,1.0,9.2299
SLVP,2023-09-06 13:00:00+00:00,9.13,9.2402,9.11,9.2402,11756.0,108.0,9.169223
SLVP,2023-09-06 14:00:00+00:00,9.22,9.22,9.13,9.14,15156.0,96.0,9.167645
SLVP,2023-09-06 15:00:00+00:00,9.14,9.15,9.095,9.1,11263.0,81.0,9.120786
SLVP,2023-09-06 16:00:00+00:00,9.1095,9.12,9.09,9.11,4362.0,37.0,9.102533
SLVP,2023-09-06 17:00:00+00:00,9.12,9.13,9.11,9.12,9577.0,50.0,9.126792
SLVP,2023-09-06 18:00:00+00:00,9.13,9.13,9.1,9.1,5923.0,42.0,9.115093
SLVP,2023-09-06 19:00:00+00:00,9.1,9.1383,9.095,9.12,11858.0,86.0,9.115005
SLVP,2023-09-07 13:00:00+00:00,9.08,9.1,9.08,9.0855,3721.0,22.0,9.083035
SLVP,2023-09-07 14:00:00+00:00,9.09,9.12,9.0691,9.12,7465.0,9.0,9.08224
SLVP,2023-09-07 15:00:00+00:00,9.1,9.1,9.07,9.07,1709.0,8.0,9.078251
SLVP,2023-09-07 16:00:00+00:00,9.1,9.1,9.0572,9.0572,4870.0,11.0,9.097813
SLVP,2023-09-07 17:00:00+00:00,9.06,9.09,9.06,9.09,811.0,6.0,9.086033
SLVP,2023-09-07 18:00:00+00:00,9.0547,9.08,9.051,9.051,3737.0,8.0,9.054846
SLVP,2023-09-07 19:00:00+00:00,9.0899,9.09,9.08,9.08,6903.0,23.0,9.082484
SLVP,2023-09-07 20:00:00+00:00,9.06,9.06,9.06,9.06,111.0,1.0,9.06
SLVP,2023-09-08 13:00:00+00:00,9.18,9.25,9.06,9.1699,6444.0,31.0,9.139388
SLVP,2023-09-08 14:00:00+00:00,9.19,9.215,9.15,9.15,2563.0,20.0,9.192902
SLVP,2023-09-08 15:00:00+00:00,9.175,9.175,9.13,9.145,3759.0,25.0,9.15043
SLVP,2023-09-08 16:00:00+00:00,9.13,9.145,9.0674,9.08,7917.0,20.0,9.089067
SLVP,2023-09-08 17:00:00+00:00,9.09,9.1,9.0667,9.1,4420.0,7.0,9.075928
SLVP,2023-09-08 18:00:00+00:00,9.0883,9.0883,9.06,9.06,3001.0,4.0,9.086831
SLVP,2023-09-08 19:00:00+00:00,9.09,9.12,9.0701,9.095,160466.0,582.0,9.089822
SLVP,2023-09-08 20:00:00+00:00,9.1,9.1,9.1,9.1,1100.0,1.0,9.1
SLVP,2023-09-11 13:00:00+00:00,9.29,9.3,9.24,9.25,16882.0,114.0,9.277007
SLVP,2023-09-11 14:00:00+00:00,9.2398,9.24,9.171,9.185,4351.0,23.0,9.204987
SLVP,2023-09-11 15:00:00+00:00,9.1501,9.18,9.14,9.15,33580.0,20.0,9.163734
SLVP,2023-09-11 16:00:00+00:00,9.14,9.18,9.14,9.155,3861.0,11.0,9.155117
SLVP,2023-09-11 17:00:00+00:00,9.16,9.19,9.15,9.19,8158.0,23.0,9.17167
SLVP,2023-09-11 18:00:00+00:00,9.15,9.19,9.15,9.155,9436.0,9.0,9.150579
SLVP,2023-09-11 19:00:00+00:00,9.1408,9.16,9.14,9.16,18009.0,27.0,9.156411
SLVP,2023-09-12 13:00:00+00:00,9.1,9.33,9.1,9.255,21323.0,94.0,9.282964
SLVP,2023-09-12 14:00:00+00:00,9.2466,9.27,9.2205,9.2205,2561.0,10.0,9.248809
SLVP,2023-09-12 15:00:00+00:00,9.2501,9.27,9.25,9.27,3547.0,7.0,9.25911
SLVP,2023-09-12 16:00:00+00:00,9.26,9.2607,9.25,9.26,19496.0,17.0,9.257083
SLVP,2023-09-12 19:00:00+00:00,9.19,9.19,9.16,9.16,5047.0,14.0,9.160892
SLVP,2023-09-13 13:00:00+00:00,9.22,9.22,9.14,9.14,2711.0,18.0,9.209259
SLVP,2023-09-13 14:00:00+00:00,9.16,9.16,9.1599,9.1599,2438.0,24.0,9.159974
SLVP,2023-09-13 15:00:00+00:00,9.1502,9.1521,9.15,9.1521,1051.0,8.0,9.150228
SLVP,2023-09-13 16:00:00+00:00,9.135,9.135,9.11,9.11,703.0,6.0,9.127809
SLVP,2023-09-13 17:00:00+00:00,9.11,9.11,9.11,9.11,100.0,1.0,9.11
SLVP,2023-09-13 18:00:00+00:00,9.1,9.1,9.1,9.1,3330.0,2.0,9.1
SLVP,2023-09-13 19:00:00+00:00,9.13,9.145,9.1,9.14,11611.0,18.0,9.132476
SLVP,2023-09-14 13:00:00+00:00,9.18,9.2582,9.18,9.2582,4283.0,51.0,9.227883
SLVP,2023-09-14 14:00:00+00:00,9.1599,9.33,9.1599,9.33,6338.0,21.0,9.267086
SLVP,2023-09-14 15:00:00+00:00,9.315,9.315,9.29,9.31,5360.0,16.0,9.309742
SLVP,2023-09-14 16:00:00+00:00,9.31,9.33,9.3001,9.33,5166.0,24.0,9.327361
SLVP,2023-09-14 17:00:00+00:00,9.3401,9.4,9.34,9.3701,5264.0,13.0,9.347652
SLVP,2023-09-14 18:00:00+00:00,9.3987,9.3987,9.35,9.38,2049.0,8.0,9.358289
SLVP,2023-09-14 19:00:00+00:00,9.35,9.36,9.3,9.3,1914.0,17.0,9.335932
SLVP,2023-09-15 12:00:00+00:00,9.41,9.41,9.41,9.41,300.0,1.0,9.41
SLVP,2023-09-15 13:00:00+00:00,9.52,9.64,9.48,9.581,13537.0,60.0,9.567591
SLVP,2023-09-15 14:00:00+00:00,9.57,9.63,9.57,9.6154,10337.0,85.0,9.59715
SLVP,2023-09-15 15:00:00+00:00,9.58,9.601,9.56,9.601,1521.0,9.0,9.575293
SLVP,2023-09-15 16:00:00+00:00,9.601,9.601,9.57,9.5735,1730.0,6.0,9.593249
SLVP,2023-09-15 17:00:00+00:00,9.56,9.56,9.56,9.56,401.0,1.0,9.56
SLVP,2023-09-15 18:00:00+00:00,9.56,9.56,9.56,9.56,300.0,1.0,9.56
SLVP,2023-09-15 19:00:00+00:00,9.59,9.63,9.56,9.56,22358.0,220.0,9.597168
SLVP,2023-09-15 20:00:00+00:00,10.02,10.02,9.7,9.7,501.0,3.0,9.859281
SLVP,2023-09-18 13:00:00+00:00,9.5,9.5999,9.445,9.5,7394.0,28.0,9.492667
SLVP,2023-09-18 14:00:00+00:00,9.5001,9.53,9.5001,9.53,200.0,2.0,9.51505
SLVP,2023-09-18 15:00:00+00:00,9.53,9.5799,9.53,9.54,412.0,5.0,9.545364
SLVP,2023-09-18 16:00:00+00:00,9.5641,9.59,9.5611,9.5611,1474.0,8.0,9.582284
SLVP,2023-09-18 17:00:00+00:00,9.5401,9.59,9.5401,9.575,1050.0,7.0,9.559805
SLVP,2023-09-18 18:00:00+00:00,9.586,9.59,9.55,9.59,2146.0,13.0,9.579793
SLVP,2023-09-18 19:00:00+00:00,9.5625,9.575,9.5301,9.5588,6558.0,45.0,9.55677
SLVP,2023-09-18 20:00:00+00:00,9.55,9.55,9.55,9.55,414.0,1.0,9.55
SLVP,2023-09-19 13:00:00+00:00,9.63,9.63,9.4975,9.4975,2587.0,13.0,9.579229
SLVP,2023-09-19 14:00:00+00:00,9.5,9.5,9.4001,9.44,5288.0,11.0,9.43355
SLVP,2023-09-19 15:00:00+00:00,9.4,9.41,9.38,9.41,1516.0,9.0,9.396127
SLVP,2023-09-19 16:00:00+00:00,9.37,9.37,9.3401,9.36,5313.0,13.0,9.356685
SLVP,2023-09-19 17:00:00+00:00,9.41,9.41,9.41,9.41,642.0,3.0,9.410016
SLVP,2023-09-19 18:00:00+00:00,9.3501,9.41,9.3501,9.41,6443.0,18.0,9.373511
SLVP,2023-09-19 19:00:00+00:00,9.38,9.38,9.3601,9.38,925.0,5.0,9.369135
SLVP,2023-09-19 20:00:00+00:00,9.35,9.35,9.35,9.35,100.0,1.0,9.35
SLVP,2023-09-20 13:00:00+00:00,9.32,9.4638,9.32,9.4638,5204.0,8.0,9.365029
SLVP,2023-09-20 14:00:00+00:00,9.4779,9.48,9.45,9.48,1819.0,23.0,9.469665
SLVP,2023-09-20 15:00:00+00:00,9.485,9.51,9.4802,9.4802,4010.0,52.0,9.500293
SLVP,2023-09-20 16:00:00+00:00,9.5199,9.5249,9.504,9.5249,5065.0,16.0,9.519337
SLVP,2023-09-20 17:00:00+00:00,9.52,9.5499,9.5,9.53,4097.0,24.0,9.532239
SLVP,2023-09-20 18:00:00+00:00,9.49,9.505,9.43,9.4699,12392.0,71.0,9.471025
SLVP,2023-09-20 19:00:00+00:00,9.4201,9.421,9.375,9.3899,6173.0,32.0,9.39957
SLVP,2023-09-20 20:00:00+00:00,9.38,9.38,9.0,9.0,314.0,4.0,9.13672
SLVP,2023-09-21 13:00:00+00:00,9.24,9.24,9.11,9.161,11264.0,63.0,9.175752
SLVP,2023-09-21 14:00:00+00:00,9.1443,9.25,9.14,9.17,9512.0,23.0,9.183071
SLVP,2023-09-21 15:00:00+00:00,9.1901,9.22,9.19,9.19,1644.0,6.0,9.192094
SLVP,2023-09-21 16:00:00+00:00,9.17,9.17,9.1533,9.1533,1800.0,7.0,9.162578
SLVP,2023-09-21 17:00:00+00:00,9.154,9.22,9.152,9.22,1686.0,13.0,9.186079
SLVP,2023-09-21 18:00:00+00:00,9.201,9.22,9.17,9.17,2769.0,20.0,9.198902
SLVP,2023-09-21 19:00:00+00:00,9.18,9.2099,9.13,9.1672,9527.0,41.0,9.166819
SLVP,2023-09-21 20:00:00+00:00,9.14,9.14,9.14,9.14,100.0,1.0,9.14
SLVP,2023-09-22 13:00:00+00:00,9.13,9.31,9.11,9.21,10454.0,45.0,9.247886
SLVP,2023-09-22 14:00:00+00:00,9.2492,9.2799,9.21,9.21,4066.0,19.0,9.248519
SLVP,2023-09-22 15:00:00+00:00,9.1501,9.19,9.1501,9.19,210.0,4.0,9.169099
SLVP,2023-09-22 16:00:00+00:00,9.18,9.19,9.14,9.1627,3904.0,12.0,9.159493
SLVP,2023-09-22 17:00:00+00:00,9.13,9.16,9.11,9.111,2274.0,14.0,9.133784
SLVP,2023-09-22 18:00:00+00:00,9.12,9.12,9.11,9.11,2870.0,4.0,9.117044
SLVP,2023-09-22 19:00:00+00:00,9.115,9.115,9.07,9.07,11511.0,29.0,9.096612
SLVP,2023-09-25 13:00:00+00:00,9.22,9.22,9.0,9.01,23338.0,112.0,9.020182
SLVP,2023-09-25 14:00:00+00:00,9.02,9.02,8.91,8.925,24780.0,78.0,8.944759
SLVP,2023-09-25 15:00:00+00:00,8.9139,8.9701,8.9139,8.94,2442.0,16.0,8.951007
SLVP,2023-09-25 16:00:00+00:00,8.97,9.0,8.95,8.9501,3888.0,21.0,8.969219
SLVP,2023-09-25 17:00:00+00:00,8.9501,8.955,8.94,8.94,6138.0,20.0,8.950812
SLVP,2023-09-25 18:00:00+00:00,8.93,8.9499,8.9217,8.9217,4361.0,15.0,8.93546
SLVP,2023-09-25 19:00:00+00:00,8.95,8.99,8.9401,8.99,1709.0,12.0,8.956144
SLVP,2023-09-25 20:00:00+00:00,8.97,8.97,8.97,8.97,103.0,1.0,8.97
SLVP,2023-09-26 13:00:00+00:00,8.9,8.92,8.85,8.855,5857.0,52.0,8.886504
SLVP,2023-09-26 14:00:00+00:00,8.8895,8.8895,8.81,8.8323,9164.0,38.0,8.843829
SLVP,2023-09-26 15:00:00+00:00,8.8699,8.8699,8.76,8.77,10716.0,62.0,8.799016
SLVP,2023-09-26 16:00:00+00:00,8.769,8.79,8.75,8.77,6545.0,50.0,8.761695
SLVP,2023-09-26 17:00:00+00:00,8.75,8.755,8.7,8.7015,27170.0,117.0,8.722542
SLVP,2023-09-26 18:00:00+00:00,8.71,8.72,8.68,8.69,12938.0,59.0,8.692645
SLVP,2023-09-26 19:00:00+00:00,8.685,8.7041,8.6597,8.66,9302.0,54.0,8.681549
SLVP,2023-09-27 13:00:00+00:00,8.66,8.6617,8.55,8.6,13768.0,72.0,8.611571
SLVP,2023-09-27 14:00:00+00:00,8.6199,8.6199,8.51,8.52,34376.0,204.0,8.533504
SLVP,2023-09-27 15:00:00+00:00,8.54,8.57,8.49,8.51,33849.0,93.0,8.51659
SLVP,2023-09-27 16:00:00+00:00,8.5,8.51,8.46,8.4999,39119.0,158.0,8.469417
SLVP,2023-09-27 17:00:00+00:00,8.4898,8.4898,8.42,8.46,15335.0,59.0,8.45991
SLVP,2023-09-27 18:00:00+00:00,8.45,8.545,8.45,8.53,6567.0,52.0,8.516569
SLVP,2023-09-27 19:00:00+00:00,8.52,8.55,8.48,8.54,29063.0,31.0,8.492573
SLVP,2023-09-28 13:00:00+00:00,8.5,8.51,8.49,8.505,1955.0,7.0,8.500486
SLVP,2023-09-28 14:00:00+00:00,8.54,8.55,8.49,8.5281,4636.0,11.0,8.515358
SLVP,2023-09-28 15:00:00+00:00,8.4765,8.54,8.44,8.54,4113.0,35.0,8.470474
SLVP,2023-09-28 16:00:00+00:00,8.53,8.54,8.5,8.54,3365.0,10.0,8.512528
SLVP,2023-09-28 17:00:00+00:00,8.5188,8.54,8.508,8.5189,2836.0,8.0,8.523862
SLVP,2023-09-28 18:00:00+00:00,8.56,8.56,8.56,8.56,278.0,5.0,8.562914
SLVP,2023-09-28 19:00:00+00:00,8.56,8.59,8.56,8.58,6576.0,32.0,8.582075
SLVP,2023-09-29 11:00:00+00:00,8.65,8.65,8.65,8.65,1800.0,1.0,8.65
SLVP,2023-09-29 12:00:00+00:00,8.61,8.65,8.6,8.65,5720.0,5.0,8.646853
SLVP,2023-09-29 13:00:00+00:00,8.65,8.87,8.65,8.76,22251.0,137.0,8.753994
SLVP,2023-09-29 14:00:00+00:00,8.781,8.79,8.65,8.7,17813.0,62.0,8.686153
SLVP,2023-09-29 15:00:00+00:00,8.6481,8.6578,8.6481,8.6578,201.0,3.0,8.652886
SLVP,2023-09-29 16:00:00+00:00,8.6033,8.61,8.58,8.58,3754.0,26.0,8.594154
SLVP,2023-09-29 17:00:00+00:00,8.58,8.58,8.545,8.545,3718.0,11.0,8.562659
SLVP,2023-09-29 18:00:00+00:00,8.55,8.57,8.51,8.52,5984.0,16.0,8.521391
SLVP,2023-09-29 19:00:00+00:00,8.58,8.6086,8.57,8.57,21037.0,43.0,8.577539
SLVP,2023-10-02 12:00:00+00:00,8.45,9.0,8.45,8.68,946.0,8.0,8.743975
SLVP,2023-10-02 13:00:00+00:00,8.57,8.57,8.35,8.3699,24172.0,128.0,8.39345
SLVP,2023-10-02 14:00:00+00:00,8.35,8.39,8.26,8.26,11432.0,148.0,8.329907
SLVP,2023-10-02 15:00:00+00:00,8.25,8.2685,8.2032,8.2281,13533.0,59.0,8.240292
SLVP,2023-10-02 16:00:00+00:00,8.22,8.25,8.18,8.18,6829.0,66.0,8.217334
SLVP,2023-10-02 17:00:00+00:00,8.19,8.21,8.1667,8.206,15791.0,60.0,8.197238
SLVP,2023-10-02 18:00:00+00:00,8.21,8.228,8.18,8.21,17145.0,51.0,8.2054
SLVP,2023-10-02 19:00:00+00:00,8.1801,8.22,8.18,8.2,13225.0,68.0,8.202522
SLVP,2023-10-02 20:00:00+00:00,8.2,8.2,8.2,8.2,111.0,1.0,8.2
SLVP,2023-10-03 13:00:00+00:00,8.19,8.25,8.11,8.2499,14257.0,94.0,8.190239
SLVP,2023-10-03 14:00:00+00:00,8.18,8.278,8.11,8.23,5835.0,54.0,8.182979
SLVP,2023-10-03 15:00:00+00:00,8.22,8.23,8.185,8.22,5875.0,54.0,8.208395
SLVP,2023-10-03 16:00:00+00:00,8.22,8.29,8.22,8.25,5593.0,32.0,8.264715
SLVP,2023-10-03 17:00:00+00:00,8.26,8.26,8.26,8.26,100.0,1.0,8.26
SLVP,2023-10-03 18:00:00+00:00,8.24,8.27,8.21,8.27,4467.0,26.0,8.246563
SLVP,2023-10-03 19:00:00+00:00,8.2699,8.2799,8.23,8.23,7626.0,86.0,8.260673
SLVP,2023-10-03 20:00:00+00:00,8.26,8.26,8.26,8.26,168.0,1.0,8.26
SLVP,2023-10-04 13:00:00+00:00,8.21,8.21,8.15,8.17,29664.0,95.0,8.200211
SLVP,2023-10-04 14:00:00+00:00,8.15,8.155,8.07,8.07,17402.0,58.0,8.091371
SLVP,2023-10-04 15:00:00+00:00,8.07,8.15,8.04,8.15,4192.0,32.0,8.085233
SLVP,2023-10-04 16:00:00+00:00,8.13,8.14,8.13,8.14,26368.0,16.0,8.1388
SLVP,2023-10-04 17:00:00+00:00,8.11,8.11,8.084,8.084,4744.0,25.0,8.093803
SLVP,2023-10-04 18:00:00+00:00,8.08,8.11,8.08,8.11,300.0,3.0,8.09
SLVP,2023-10-04 19:00:00+00:00,8.119,8.16,8.119,8.1484,14280.0,53.0,8.135166
SLVP,2023-10-05 13:00:00+00:00,8.16,8.1989,8.12,8.1953,56455.0,220.0,8.138155
SLVP,2023-10-05 14:00:00+00:00,8.115,8.14,8.11,8.11,2066.0,7.0,8.121055
SLVP,2023-10-05 15:00:00+00:00,8.1464,8.1464,8.1,8.1,60026.0,9.0,8.120899
SLVP,2023-10-05 16:00:00+00:00,8.1,8.12,8.1,8.11,1872.0,10.0,8.106453
SLVP,2023-10-05 17:00:00+00:00,8.11,8.119,8.1,8.1,1115.0,6.0,8.107328
SLVP,2023-10-05 18:00:00+00:00,8.14,8.1688,8.12,8.16,7947.0,12.0,8.145126
SLVP,2023-10-05 19:00:00+00:00,8.155,8.2,8.152,8.2,6747.0,38.0,8.167073
SLVP,2023-10-06 13:00:00+00:00,8.16,8.3,8.1511,8.1511,14455.0,67.0,8.203703
SLVP,2023-10-06 14:00:00+00:00,8.16,8.2659,8.16,8.2,8709.0,27.0,8.219183
SLVP,2023-10-06 15:00:00+00:00,8.2306,8.36,8.2306,8.36,5313.0,15.0,8.261726
SLVP,2023-10-06 16:00:00+00:00,8.3692,8.37,8.337,8.37,5161.0,15.0,8.367771
SLVP,2023-10-06 17:00:00+00:00,8.34,8.4099,8.34,8.3999,2740.0,12.0,8.388372
SLVP,2023-10-06 18:00:00+00:00,8.3875,8.4352,8.3703,8.4,36388.0,70.0,8.407617
SLVP,2023-10-06 19:00:00+00:00,8.4,8.43,8.38,8.3999,3561.0,28.0,8.402244
SLVP,2023-10-06 20:00:00+00:00,8.37,8.37,8.37,8.37,177.0,1.0,8.37
SLVP,2023-10-09 13:00:00+00:00,8.47,8.59,8.47,8.4801,56958.0,158.0,8.520519
SLVP,2023-10-09 14:00:00+00:00,8.4501,8.51,8.4501,8.485,7193.0,8.0,8.477596
SLVP,2023-10-09 15:00:00+00:00,8.5,8.5399,8.4999,8.5399,8675.0,14.0,8.523441
SLVP,2023-10-09 16:00:00+00:00,8.51,8.54,8.465,8.4717,32430.0,27.0,8.518533
SLVP,2023-10-09 17:00:00+00:00,8.47,8.55,8.47,8.55,4734.0,16.0,8.49587
SLVP,2023-10-09 18:00:00+00:00,8.53,8.54,8.52,8.52,2857.0,15.0,8.530301
SLVP,2023-10-09 19:00:00+00:00,8.56,8.56,8.51,8.51,2558.0,17.0,8.544203
SLVP,2023-10-09 20:00:00+00:00,8.5,8.5,8.5,8.5,174.0,1.0,8.5
SLVP,2023-10-10 13:00:00+00:00,8.61,8.61,8.5,8.51,12294.0,78.0,8.581374
SLVP,2023-10-10 14:00:00+00:00,8.54,8.54,8.52,8.52,111412.0,8.0,8.520072
SLVP,2023-10-10 15:00:00+00:00,8.5101,8.6,8.5101,8.6,122812.0,27.0,8.559895
SLVP,2023-10-10 16:00:00+00:00,8.595,8.6098,8.5801,8.6096,8881.0,26.0,8.598807
SLVP,2023-10-10 17:00:00+00:00,8.5943,8.5943,8.575,8.5776,1263.0,5.0,8.588129
SLVP,2023-10-10 18:00:00+00:00,8.54,8.55,8.54,8.549,2500.0,3.0,8.5491
SLVP,2023-10-10 19:00:00+00:00,8.58,8.59,8.54,8.59,9346.0,64.0,8.571192
SLVP,2023-10-10 20:00:00+00:00,8.59,8.59,8.59,8.59,238.0,1.0,8.59
SLVP,2023-10-11 13:00:00+00:00,8.71,8.73,8.67,8.73,3275.0,34.0,8.721934
SLVP,2023-10-11 14:00:00+00:00,8.6899,8.6899,8.57,8.62,7494.0,18.0,8.606917
SLVP,2023-10-11 15:00:00+00:00,8.62,8.62,8.6,8.6101,1811.0,10.0,8.615497
SLVP,2023-10-11 16:00:00+00:00,8.64,8.6699,8.62,8.6274,4437.0,20.0,8.640841
SLVP,2023-10-11 17:00:00+00:00,8.6515,8.6515,8.6,8.6001,2038.0,17.0,8.62258
SLVP,2023-10-11 18:00:00+00:00,8.62,8.6282,8.6,8.62,1035.0,9.0,8.620043
SLVP,2023-10-11 19:00:00+00:00,8.6794,8.75,8.6794,8.75,3945.0,34.0,8.719623
SLVP,2023-10-11 23:00:00+00:00,8.75,8.75,8.75,8.75,200.0,2.0,8.75
SLVP,2023-10-12 11:00:00+00:00,8.75,8.75,8.75,8.75,1594.0,1.0,8.75
SLVP,2023-10-12 13:00:00+00:00,8.77,8.77,8.5956,8.5956,6680.0,50.0,8.66499
SLVP,2023-10-12 14:00:00+00:00,8.605,8.605,8.45,8.51,17049.0,29.0,8.545199
SLVP,2023-10-12 15:00:00+00:00,8.5007,8.52,8.4301,8.45,3992.0,23.0,8.478302
SLVP,2023-10-12 16:00:00+00:00,8.46,8.47,8.4101,8.43,3683.0,18.0,8.440455
SLVP,2023-10-12 17:00:00+00:00,8.39,8.43,8.39,8.4,5323.0,33.0,8.39558
SLVP,2023-10-12 18:00:00+00:00,8.3901,8.41,8.3661,8.41,6810.0,24.0,8.376195
SLVP,2023-10-12 19:00:00+00:00,8.4299,8.44,8.4276,8.43,2721.0,18.0,8.433068
SLVP,2023-10-12 20:00:00+00:00,8.43,8.43,8.43,8.43,121.0,1.0,8.43
SLVP,2023-10-13 13:00:00+00:00,8.9,8.9,8.6,8.84,8358.0,102.0,8.809833
SLVP,2023-10-13 14:00:00+00:00,8.8014,8.94,8.8014,8.93,10085.0,64.0,8.882901
SLVP,2023-10-13 15:00:00+00:00,8.925,8.97,8.8927,8.96,16475.0,60.0,8.93225
SLVP,2023-10-13 16:00:00+00:00,8.9699,8.98,8.92,8.92,5992.0,27.0,8.959333
SLVP,2023-10-13 17:00:00+00:00,8.92,8.92,8.87,8.91,3625.0,23.0,8.89991
SLVP,2023-10-13 18:00:00+00:00,8.93,8.93,8.91,8.915,1749.0,8.0,8.916767
SLVP,2023-10-13 19:00:00+00:00,8.9399,8.94,8.919,8.94,4450.0,29.0,8.927446
SLVP,2023-10-13 20:00:00+00:00,8.91,8.91,8.91,8.91,195.0,1.0,8.91
SLVP,2023-10-16 13:00:00+00:00,8.85,8.96,8.82,8.93,4427.0,30.0,8.882204
SLVP,2023-10-16 14:00:00+00:00,8.95,8.96,8.91,8.95,6608.0,20.0,8.944449
SLVP,2023-10-16 15:00:00+00:00,8.9486,9.0,8.93,8.989,181462.0,56.0,8.934427
SLVP,2023-10-16 16:00:00+00:00,8.98,8.995,8.95,8.99,5522.0,40.0,8.971249
SLVP,2023-10-16 17:00:00+00:00,8.99,8.99,8.96,8.96,13014.0,37.0,8.968034
SLVP,2023-10-16 18:00:00+00:00,8.97,8.99,8.94,8.99,7603.0,21.0,8.950964
SLVP,2023-10-16 19:00:00+00:00,8.97,8.995,8.95,8.96,15294.0,48.0,8.984022
SLVP,2023-10-16 20:00:00+00:00,8.95,8.95,8.95,8.95,106.0,1.0,8.95
SLVP,2023-10-17 13:00:00+00:00,9.02,9.1299,8.945,9.1199,7731.0,71.0,9.047076
SLVP,2023-10-17 14:00:00+00:00,9.1,9.16,9.08,9.0992,5784.0,40.0,9.130916
SLVP,2023-10-17 15:00:00+00:00,9.1007,9.18,9.1007,9.165,10312.0,50.0,9.132357
SLVP,2023-10-17 16:00:00+00:00,9.1413,9.145,9.1,9.105,2152.0,20.0,9.119757
SLVP,2023-10-17 17:00:00+00:00,9.11,9.13,9.08,9.08,8124.0,30.0,9.10874
SLVP,2023-10-17 18:00:00+00:00,9.11,9.1199,9.09,9.1199,2661.0,10.0,9.105964
SLVP,2023-10-17 19:00:00+00:00,9.1195,9.158,9.11,9.15,5227.0,51.0,9.144316
SLVP,2023-10-17 20:00:00+00:00,9.16,9.16,9.16,9.16,122.0,1.0,9.16
SLVP,2023-10-18 10:00:00+00:00,9.42,9.5,9.3,9.3,550.0,4.0,9.398182
SLVP,2023-10-18 13:00:00+00:00,9.28,9.3999,9.25,9.28,11865.0,72.0,9.356712
SLVP,2023-10-18 14:00:00+00:00,9.2472,9.255,9.12,9.12,16082.0,33.0,9.220915
SLVP,2023-10-18 15:00:00+00:00,9.12,9.12,9.12,9.12,100.0,1.0,9.12
SLVP,2023-10-18 16:00:00+00:00,9.1191,9.129,9.095,9.11,6318.0,24.0,9.111947
SLVP,2023-10-18 17:00:00+00:00,9.128,9.17,9.115,9.13,3782.0,18.0,9.135401
SLVP,2023-10-18 18:00:00+00:00,9.1,9.11,9.08,9.11,5694.0,15.0,9.084979
SLVP,2023-10-18 19:00:00+00:00,9.07,9.11,9.05,9.11,20924.0,86.0,9.064529
SLVP,2023-10-18 20:00:00+00:00,9.11,9.11,9.11,9.11,206.0,1.0,9.11
SLVP,2023-10-19 13:00:00+00:00,9.1,9.1,9.0,9.0495,9363.0,26.0,9.011632
SLVP,2023-10-19 14:00:00+00:00,9.04,9.05,8.8,8.9697,9925.0,62.0,8.957259
SLVP,2023-10-19 15:00:00+00:00,8.95,9.03,8.95,8.9961,4281.0,17.0,9.003747
SLVP,2023-10-19 16:00:00+00:00,9.04,9.04,8.94,8.98,1280.0,14.0,8.978047
SLVP,2023-10-19 17:00:00+00:00,9.05,9.12,9.05,9.08,19676.0,137.0,9.078596
SLVP,2023-10-19 18:00:00+00:00,9.06,9.11,9.04,9.04,6090.0,30.0,9.050463
SLVP,2023-10-19 19:00:00+00:00,9.0399,9.09,9.02,9.09,6650.0,23.0,9.045895
SLVP,2023-10-19 20:00:00+00:00,9.53,9.53,9.53,9.53,231.0,1.0,9.53
SLVP,2023-10-20 13:00:00+00:00,9.16,9.2699,9.09,9.2699,14024.0,82.0,9.188505
SLVP,2023-10-20 14:00:00+00:00,9.28,9.31,9.26,9.31,16226.0,79.0,9.287391
SLVP,2023-10-20 15:00:00+00:00,9.33,9.37,9.3,9.3,16747.0,133.0,9.337273
SLVP,2023-10-20 16:00:00+00:00,9.2801,9.295,9.22,9.225,10893.0,97.0,9.263399
SLVP,2023-10-20 17:00:00+00:00,9.2,9.22,9.19,9.195,3359.0,24.0,9.203299
SLVP,2023-10-20 18:00:00+00:00,9.1909,9.1909,9.13,9.19,4512.0,26.0,9.155494
SLVP,2023-10-20 19:00:00+00:00,9.1893,9.1893,9.12,9.12,11073.0,30.0,9.154948
SLVP,2023-10-20 20:00:00+00:00,9.13,9.13,9.13,9.13,123.0,1.0,9.13
SLVP,2023-10-23 13:00:00+00:00,9.11,9.11,8.77,8.9,4518.0,47.0,8.84666
SLVP,2023-10-23 14:00:00+00:00,8.9099,8.965,8.885,8.965,613.0,10.0,8.909277
SLVP,2023-10-23 15:00:00+00:00,9.08,9.09,9.05,9.05,12773.0,26.0,9.080328
SLVP,2023-10-23 16:00:00+00:00,9.075,9.075,9.075,9.075,200.0,1.0,9.075
SLVP,2023-10-23 17:00:00+00:00,9.09,9.09,9.07,9.07,1400.0,7.0,9.081429
SLVP,2023-10-23 18:00:00+00:00,9.06,9.06,9.02,9.032,5107.0,22.0,9.049183
SLVP,2023-10-23 19:00:00+00:00,9.04,9.04,8.9671,8.98,3813.0,17.0,8.982379
SLVP,2023-10-24 13:00:00+00:00,8.84,8.99,8.84,8.99,8710.0,44.0,8.932292
SLVP,2023-10-24 14:00:00+00:00,8.9601,9.02,8.96,9.02,1421.0,8.0,8.982834
SLVP,2023-10-24 15:00:00+00:00,9.03,9.03,8.99,8.99,4402.0,16.0,9.01883
SLVP,2023-10-24 16:00:00+00:00,8.98,8.99,8.98,8.98,1008.0,10.0,8.981002
SLVP,2023-10-24 17:00:00+00:00,8.98,9.018,8.97,9.009,2704.0,17.0,8.986829
SLVP,2023-10-24 18:00:00+00:00,8.9795,8.9795,8.965,8.965,300.0,3.0,8.9715
SLVP,2023-10-24 19:00:00+00:00,8.99,8.99,8.96,8.96,2345.0,13.0,8.973102
SLVP,2023-10-24 20:00:00+00:00,8.97,8.97,8.97,8.97,211.0,1.0,8.97
SLVP,2023-10-25 13:00:00+00:00,8.96,8.96,8.95,8.9599,625.0,7.0,8.953517
SLVP,2023-10-25 14:00:00+00:00,9.05,9.05,8.97,8.97,4021.0,24.0,8.995297
SLVP,2023-10-25 15:00:00+00:00,8.96,9.0,8.91,8.99,3834.0,17.0,8.978177
SLVP,2023-10-25 16:00:00+00:00,8.99,8.9913,8.95,8.95,1744.0,11.0,8.976239
SLVP,2023-10-25 17:00:00+00:00,8.92,8.9422,8.88,8.9422,1090.0,10.0,8.904548
SLVP,2023-10-25 18:00:00+00:00,8.875,8.9,8.87,8.9,1884.0,9.0,8.880798
SLVP,2023-10-25 19:00:00+00:00,8.88,8.88,8.83,8.83,8969.0,43.0,8.85869
SLVP,2023-10-25 20:00:00+00:00,8.85,8.85,8.85,8.85,111.0,1.0,8.85
SLVP,2023-10-25 23:00:00+00:00,8.83,8.83,8.83,8.83,199.0,2.0,8.83
SLVP,2023-10-26 13:00:00+00:00,8.89,8.89,8.75,8.75,2308.0,24.0,8.794809
SLVP,2023-10-26 14:00:00+00:00,8.76,8.76,8.65,8.7599,11281.0,68.0,8.69325
SLVP,2023-10-26 15:00:00+00:00,8.74,8.78,8.71,8.735,7183.0,47.0,8.734014
SLVP,2023-10-26 16:00:00+00:00,8.7855,8.7855,8.74,8.7409,1395.0,8.0,8.75141
SLVP,2023-10-26 17:00:00+00:00,8.755,8.815,8.755,8.815,2280.0,8.0,8.801075
SLVP,2023-10-26 18:00:00+00:00,8.82,8.86,8.75,8.86,21031.0,74.0,8.800225
SLVP,2023-10-26 19:00:00+00:00,8.84,8.84,8.79,8.81,9598.0,22.0,8.796405
SLVP,2023-10-27 13:00:00+00:00,8.79,8.8999,8.79,8.8383,2729.0,26.0,8.838682
SLVP,2023-10-27 14:00:00+00:00,8.8,8.91,8.8,8.82,15831.0,28.0,8.838366
SLVP,2023-10-27 15:00:00+00:00,8.82,8.82,8.8,8.8,3315.0,8.0,8.815024
SLVP,2023-10-27 16:00:00+00:00,8.79,8.79,8.72,8.72,610.0,5.0,8.749689
SLVP,2023-10-27 17:00:00+00:00,8.72,8.799,8.72,8.799,12326.0,18.0,8.736347
SLVP,2023-10-27 18:00:00+00:00,8.78,8.929,8.78,8.88,13056.0,77.0,8.885415
SLVP,2023-10-27 19:00:00+00:00,8.88,8.97,8.88,8.97,8769.0,43.0,8.935227
SLVP,2023-10-27 20:00:00+00:00,8.52,8.52,8.52,8.52,110.0,1.0,8.52
SLVP,2023-10-30 12:00:00+00:00,9.05,9.05,9.05,9.05,171.0,1.0,9.05
SLVP,2023-10-30 13:00:00+00:00,9.05,9.24,8.992,9.045,28859.0,194.0,9.066992
SLVP,2023-10-30 14:00:00+00:00,9.0501,9.06,8.89,8.89,6338.0,32.0,8.974949
SLVP,2023-10-30 15:00:00+00:00,8.9499,8.99,8.921,8.97,2979.0,10.0,8.944275
SLVP,2023-10-30 16:00:00+00:00,8.98,9.0,8.97,8.99,2504.0,21.0,8.992023
SLVP,2023-10-30 17:00:00+00:00,8.95,8.9699,8.94,8.96,873.0,11.0,8.948419
SLVP,2023-10-30 18:00:00+00:00,8.96,8.97,8.9362,8.9362,5065.0,10.0,8.954431
SLVP,2023-10-30 19:00:00+00:00,8.95,8.96,8.91,8.93,4877.0,35.0,8.944567
SLVP,2023-10-30 20:00:00+00:00,8.93,8.93,8.93,8.93,184.0,1.0,8.93
SLVP,2023-10-31 13:00:00+00:00,8.79,8.88,8.79,8.88,399.0,26.0,8.827719
SLVP,2023-10-31 14:00:00+00:00,8.9699,8.9699,8.85,8.85,7068.0,17.0,8.877529
SLVP,2023-10-31 15:00:00+00:00,8.84,8.8499,8.82,8.83,4226.0,20.0,8.843403
SLVP,2023-10-31 16:00:00+00:00,8.8047,8.82,8.765,8.765,12777.0,41.0,8.78551
SLVP,2023-10-31 17:00:00+00:00,8.755,8.76,8.7132,8.72,13800.0,50.0,8.739136
SLVP,2023-10-31 18:00:00+00:00,8.71,8.71,8.63,8.7,19832.0,51.0,8.674391
SLVP,2023-10-31 19:00:00+00:00,8.7,8.72,8.67,8.7,17310.0,133.0,8.696967
SLVP,2023-11-01 13:00:00+00:00,8.64,8.7491,8.64,8.7491,2900.0,22.0,8.646402
SLVP,2023-11-01 14:00:00+00:00,8.69,8.76,8.6765,8.7101,4730.0,16.0,8.704805
SLVP,2023-11-01 15:00:00+00:00,8.695,8.695,8.62,8.6403,7729.0,15.0,8.66986
SLVP,2023-11-01 16:00:00+00:00,8.64,8.64,8.58,8.6,4502.0,26.0,8.599525
SLVP,2023-11-01 17:00:00+00:00,8.62,8.63,8.62,8.62,10367.0,9.0,8.620489
SLVP,2023-11-01 18:00:00+00:00,8.65,8.66,8.56,8.57,3610.0,26.0,8.587202
SLVP,2023-11-01 19:00:00+00:00,8.62,8.69,8.62,8.67,5020.0,59.0,8.662745
SLVP,2023-11-01 20:00:00+00:00,8.69,8.69,8.69,8.69,109.0,2.0,8.69
SLVP,2023-11-02 13:00:00+00:00,8.8,8.8,8.665,8.7,5933.0,42.0,8.743643
SLVP,2023-11-02 14:00:00+00:00,8.6402,8.65,8.59,8.63,6480.0,37.0,8.62517
SLVP,2023-11-02 15:00:00+00:00,8.65,8.66,8.57,8.57,7972.0,71.0,8.613189
SLVP,2023-11-02 16:00:00+00:00,8.58,8.65,8.58,8.64,14316.0,29.0,8.623186
SLVP,2023-11-02 17:00:00+00:00,8.64,8.7,8.64,8.6883,6897.0,47.0,8.674083
SLVP,2023-11-02 18:00:00+00:00,8.67,8.69,8.67,8.69,970.0,7.0,8.68268
SLVP,2023-11-02 19:00:00+00:00,8.7,8.73,8.6704,8.7,8291.0,24.0,8.695841
SLVP,2023-11-03 13:00:00+00:00,8.82,9.07,8.82,9.07,8149.0,109.0,8.939029
SLVP,2023-11-03 14:00:00+00:00,9.08,9.08,8.99,9.07,6336.0,32.0,9.048025
SLVP,2023-11-03 15:00:00+00:00,9.1,9.15,9.08,9.15,7731.0,44.0,9.107271
SLVP,2023-11-03 16:00:00+00:00,9.15,9.225,9.15,9.22,2566.0,14.0,9.194974
SLVP,2023-11-03 17:00:00+00:00,9.2,9.24,9.1905,9.1905,4679.0,25.0,9.20804
SLVP,2023-11-03 18:00:00+00:00,9.239,9.29,9.239,9.29,6630.0,34.0,9.262009
SLVP,2023-11-03 19:00:00+00:00,9.26,9.26,9.1979,9.21,5694.0,37.0,9.227412
SLVP,2023-11-06 14:00:00+00:00,9.25,9.25,9.15,9.2,9750.0,73.0,9.187189
SLVP,2023-11-06 15:00:00+00:00,9.22,9.23,9.17,9.2241,3732.0,50.0,9.198671
SLVP,2023-11-06 16:00:00+00:00,9.2,9.2,9.2,9.2,100.0,1.0,9.2
SLVP,2023-11-06 17:00:00+00:00,9.236,9.24,9.1805,9.2199,4974.0,24.0,9.223735
SLVP,2023-11-06 18:00:00+00:00,9.18,9.19,9.12,9.12,3920.0,20.0,9.166636
SLVP,2023-11-06 19:00:00+00:00,9.1101,9.13,9.11,9.13,2700.0,5.0,9.114519
SLVP,2023-11-06 20:00:00+00:00,9.13,9.145,9.09,9.11,9768.0,60.0,9.130598
SLVP,2023-11-06 21:00:00+00:00,9.1,9.1,9.1,9.1,102.0,1.0,9.1
SLVP,2023-11-07 12:00:00+00:00,8.99,8.99,8.99,8.99,200.0,2.0,8.99
SLVP,2023-11-07 14:00:00+00:00,9.05,9.05,8.72,8.74,7525.0,80.0,8.766419
SLVP,2023-11-07 15:00:00+00:00,8.78,8.885,8.78,8.8699,3304.0,25.0,8.821023
SLVP,2023-11-07 16:00:00+00:00,8.88,8.95,8.88,8.8802,63814.0,31.0,8.892598
SLVP,2023-11-07 17:00:00+00:00,8.8401,8.8401,8.815,8.83,1496.0,8.0,8.835775
SLVP,2023-11-07 18:00:00+00:00,8.8101,8.88,8.8101,8.88,2141.0,5.0,8.832401
SLVP,2023-11-07 19:00:00+00:00,8.88,8.89,8.8704,8.88,4890.0,27.0,8.878968
SLVP,2023-11-07 20:00:00+00:00,8.9,8.92,8.89,8.89,28240.0,84.0,8.907676
SLVP,2023-11-07 22:00:00+00:00,8.95,8.95,8.65,8.65,600.0,3.0,8.75
SLVP,2023-11-08 14:00:00+00:00,9.0,9.0,8.77,8.815,2893.0,27.0,8.821628
SLVP,2023-11-08 15:00:00+00:00,8.79,8.8294,8.715,8.74,23159.0,75.0,8.780838
SLVP,2023-11-08 16:00:00+00:00,8.722,8.725,8.7,8.72,4100.0,30.0,8.71315
SLVP,2023-11-08 17:00:00+00:00,8.69,8.69,8.65,8.6719,14908.0,33.0,8.660713
SLVP,2023-11-08 18:00:00+00:00,8.68,8.69,8.63,8.63,11584.0,49.0,8.65057
SLVP,2023-11-08 19:00:00+00:00,8.62,8.63,8.55,8.55,4646.0,19.0,8.580707
SLVP,2023-11-08 20:00:00+00:00,8.57,8.6499,8.57,8.63,9580.0,35.0,8.614874
SLVP,2023-11-09 14:00:00+00:00,8.61,8.8124,8.61,8.8124,11849.0,82.0,8.739379
SLVP,2023-11-09 15:00:00+00:00,8.815,8.86,8.78,8.78,10653.0,49.0,8.810278
SLVP,2023-11-09 16:00:00+00:00,8.7401,8.78,8.7401,8.78,716.0,6.0,8.753443
SLVP,2023-11-09 17:00:00+00:00,8.7457,8.7457,8.6972,8.72,5510.0,13.0,8.726029
SLVP,2023-11-09 18:00:00+00:00,8.66,8.724,8.6501,8.7,7331.0,21.0,8.689234
SLVP,2023-11-09 19:00:00+00:00,8.62,8.6238,8.5998,8.6,6573.0,15.0,8.610131
SLVP,2023-11-09 20:00:00+00:00,8.6,8.6,8.5428,8.55,15458.0,27.0,8.56879
SLVP,2023-11-10 14:00:00+00:00,8.57,8.57,8.38,8.38,5878.0,68.0,8.466227
SLVP,2023-11-10 15:00:00+00:00,8.37,8.46,8.37,8.405,19001.0,155.0,8.427525
SLVP,2023-11-10 16:00:00+00:00,8.41,8.4555,8.39,8.45,25328.0,115.0,8.418682
SLVP,2023-11-10 17:00:00+00:00,8.425,8.425,8.39,8.4,7242.0,25.0,8.407704
SLVP,2023-11-10 18:00:00+00:00,8.4,8.41,8.38,8.4,13280.0,24.0,8.392117
SLVP,2023-11-10 19:00:00+00:00,8.395,8.4198,8.39,8.39,21010.0,29.0,8.394452
SLVP,2023-11-10 20:00:00+00:00,8.39,8.45,8.39,8.42,7827.0,65.0,8.418897
SLVP,2023-11-13 14:00:00+00:00,8.42,8.55,8.385,8.385,7885.0,83.0,8.431138
SLVP,2023-11-13 15:00:00+00:00,8.39,8.4298,8.3675,8.4145,3140.0,35.0,8.402091
SLVP,2023-11-13 16:00:00+00:00,8.4178,8.54,8.4178,8.53,5362.0,24.0,8.491573
SLVP,2023-11-13 17:00:00+00:00,8.5,8.5,8.46,8.46,6680.0,50.0,8.472631
SLVP,2023-11-13 18:00:00+00:00,8.46,8.47,8.46,8.47,1930.0,12.0,8.465447
SLVP,2023-11-13 19:00:00+00:00,8.435,8.4399,8.435,8.439,3413.0,8.0,8.438184
SLVP,2023-11-13 20:00:00+00:00,8.43,8.43,8.4045,8.41,4867.0,28.0,8.421532
SLVP,2023-11-14 13:00:00+00:00,8.53,9.05,8.53,9.05,2371.0,3.0,8.566407
SLVP,2023-11-14 14:00:00+00:00,8.53,8.78,8.53,8.76,18444.0,87.0,8.668144
SLVP,2023-11-14 15:00:00+00:00,8.85,8.87,8.8199,8.824,12129.0,20.0,8.835363
SLVP,2023-11-14 16:00:00+00:00,8.85,8.9,8.85,8.895,1517.0,13.0,8.879466
SLVP,2023-11-14 17:00:00+00:00,8.865,8.88,8.8301,8.86,3058.0,19.0,8.855206
SLVP,2023-11-14 18:00:00+00:00,8.91,8.93,8.8801,8.91,7597.0,26.0,8.908996
SLVP,2023-11-14 19:00:00+00:00,8.92,8.96,8.92,8.9599,3505.0,16.0,8.942924
SLVP,2023-11-14 20:00:00+00:00,8.976,8.99,8.9301,8.94,7634.0,59.0,8.964063
SLVP,2023-11-14 21:00:00+00:00,8.94,8.94,8.94,8.94,157.0,1.0,8.94
SLVP,2023-11-15 12:00:00+00:00,9.11,9.11,9.11,9.11,195.0,2.0,9.11
SLVP,2023-11-15 14:00:00+00:00,9.08,9.08,8.89,8.89,44054.0,189.0,9.011345
SLVP,2023-11-15 15:00:00+00:00,8.97,9.03,8.9501,9.03,8937.0,16.0,8.981242
SLVP,2023-11-15 16:00:00+00:00,9.01,9.0101,8.97,8.98,6660.0,12.0,8.972315
SLVP,2023-11-15 17:00:00+00:00,8.99,9.02,8.98,9.0,18338.0,8.0,8.990687
SLVP,2023-11-15 18:00:00+00:00,8.98,9.01,8.98,9.0,3334.0,9.0,8.991335
SLVP,2023-11-15 19:00:00+00:00,9.0,9.035,9.0,9.03,2255.0,13.0,9.016642
SLVP,2023-11-15 20:00:00+00:00,9.02,9.04,9.02,9.0201,2500.0,13.0,9.032208
SLVP,2023-11-16 14:00:00+00:00,9.04,9.3,9.04,9.2301,35932.0,192.0,9.203249
SLVP,2023-11-16 15:00:00+00:00,9.19,9.4,9.19,9.361,23093.0,137.0,9.264103
SLVP,2023-11-16 16:00:00+00:00,9.34,9.3999,9.275,9.275,9659.0,134.0,9.337777
SLVP,2023-11-16 17:00:00+00:00,9.29,9.3,9.26,9.28,6925.0,37.0,9.2796
SLVP,2023-11-16 18:00:00+00:00,9.265,9.2799,9.24,9.2517,6012.0,16.0,9.25609
SLVP,2023-11-16 19:00:00+00:00,9.24,9.26,9.2,9.26,7806.0,42.0,9.229695
SLVP,2023-11-16 20:00:00+00:00,9.22,9.26,9.18,9.23,7989.0,39.0,9.207498
SLVP,2023-11-17 14:00:00+00:00,9.27,9.3,9.17,9.17,6511.0,38.0,9.234145
SLVP,2023-11-17 15:00:00+00:00,9.23,9.3,9.23,9.28,5567.0,19.0,9.256968
SLVP,2023-11-17 16:00:00+00:00,9.2701,9.2701,9.23,9.23,2201.0,4.0,9.267351
SLVP,2023-11-17 17:00:00+00:00,9.23,9.29,9.23,9.29,10826.0,18.0,9.268837
SLVP,2023-11-17 18:00:00+00:00,9.28,9.33,9.28,9.3,1764.0,16.0,9.310189
SLVP,2023-11-17 19:00:00+00:00,9.31,9.31,9.21,9.23,1606.0,14.0,9.23944
SLVP,2023-11-17 20:00:00+00:00,9.23,9.26,9.2,9.26,6124.0,31.0,9.213612
SLVP,2023-11-17 21:00:00+00:00,9.5,9.5,9.35,9.35,200.0,2.0,9.425
SLVP,2023-11-20 14:00:00+00:00,9.265,9.265,9.158,9.23,7774.0,40.0,9.229685
SLVP,2023-11-20 15:00:00+00:00,9.225,9.225,9.19,9.19,4303.0,12.0,9.218136
SLVP,2023-11-20 16:00:00+00:00,9.2,9.2356,9.19,9.2356,3974.0,16.0,9.208562
SLVP,2023-11-20 17:00:00+00:00,9.2,9.22,9.2,9.2038,2572.0,10.0,9.205486
SLVP,2023-11-20 18:00:00+00:00,9.22,9.23,9.22,9.22,5393.0,13.0,9.223
SLVP,2023-11-20 19:00:00+00:00,9.22,9.2315,9.21,9.21,2604.0,18.0,9.218062
SLVP,2023-11-20 20:00:00+00:00,9.2011,9.24,9.2011,9.22,8360.0,46.0,9.220917
SLVP,2023-11-21 11:00:00+00:00,9.3,9.3,9.3,9.3,400.0,1.0,9.3
SLVP,2023-11-21 14:00:00+00:00,9.42,9.57,9.42,9.525,38374.0,176.0,9.517979
SLVP,2023-11-21 15:00:00+00:00,9.53,9.55,9.46,9.5,12023.0,62.0,9.517853
SLVP,2023-11-21 16:00:00+00:00,9.54,9.54,9.45,9.46,10229.0,36.0,9.507637
SLVP,2023-11-21 17:00:00+00:00,9.42,9.45,9.42,9.45,3118.0,14.0,9.438102
SLVP,2023-11-21 18:00:00+00:00,9.49,9.495,9.44,9.459,5826.0,31.0,9.463169
SLVP,2023-11-21 19:00:00+00:00,9.4388,9.48,9.42,9.4631,11011.0,24.0,9.462285
SLVP,2023-11-21 20:00:00+00:00,9.46,9.46,9.435,9.46,2058.0,13.0,9.446472
SLVP,2023-11-22 14:00:00+00:00,9.45,9.49,9.4001,9.44,6166.0,63.0,9.444589
SLVP,2023-11-22 15:00:00+00:00,9.44,9.44,9.34,9.35,10297.0,81.0,9.379453
SLVP,2023-11-22 16:00:00+00:00,9.37,9.4,9.36,9.37,11433.0,92.0,9.387717
SLVP,2023-11-22 17:00:00+00:00,9.36,9.38,9.35,9.37,7651.0,65.0,9.365475
SLVP,2023-11-22 18:00:00+00:00,9.38,9.41,9.3701,9.38,7276.0,68.0,9.393048
SLVP,2023-11-22 19:00:00+00:00,9.38,9.4,9.37,9.37,11598.0,86.0,9.380421
SLVP,2023-11-22 20:00:00+00:00,9.37,9.38,9.34,9.34,11442.0,119.0,9.359354
SLVP,2023-11-24 09:00:00+00:00,9.42,9.42,9.42,9.42,1000.0,1.0,9.42
SLVP,2023-11-24 14:00:00+00:00,9.38,9.4621,9.37,9.4621,11717.0,20.0,9.399522
SLVP,2023-11-24 15:00:00+00:00,9.5,9.5939,9.5,9.551,13587.0,26.0,9.551149
SLVP,2023-11-24 16:00:00+00:00,9.5001,9.55,9.5001,9.54,4091.0,10.0,9.525506
SLVP,2023-11-24 17:00:00+00:00,9.54,9.555,9.5176,9.53,4621.0,20.0,9.529882
SLVP,2023-11-27 14:00:00+00:00,9.8,9.8,9.6,9.6953,10796.0,59.0,9.67796
SLVP,2023-11-27 15:00:00+00:00,9.695,9.79,9.61,9.6116,28836.0,57.0,9.723868
SLVP,2023-11-27 16:00:00+00:00,9.62,9.67,9.6,9.6699,8345.0,32.0,9.63307
SLVP,2023-11-27 17:00:00+00:00,9.68,9.69,9.6549,9.69,5797.0,25.0,9.670944
SLVP,2023-11-27 18:00:00+00:00,9.7074,9.776,9.7,9.776,12643.0,29.0,9.747772
SLVP,2023-11-27 19:00:00+00:00,9.765,9.8,9.76,9.79,11964.0,66.0,9.78095
SLVP,2023-11-27 20:00:00+00:00,9.8,9.81,9.7601,9.79,13531.0,33.0,9.768271
SLVP,2023-11-27 21:00:00+00:00,9.76,9.76,9.76,9.76,100.0,1.0,9.76
SLVP,2023-11-28 14:00:00+00:00,9.76,9.88,9.76,9.86,5690.0,39.0,9.837991
SLVP,2023-11-28 15:00:00+00:00,9.889,9.93,9.85,9.929,9889.0,33.0,9.902377
SLVP,2023-11-28 16:00:00+00:00,9.9101,10.0,9.9101,10.0,33835.0,124.0,9.969245
SLVP,2023-11-28 17:00:00+00:00,10.02,10.03,9.97,9.97,5197.0,26.0,10.012471
SLVP,2023-11-28 18:00:00+00:00,10.0062,10.0234,9.96,10.0234,8945.0,43.0,9.984522
SLVP,2023-11-28 19:00:00+00:00,10.025,10.04,10.015,10.03,4747.0,31.0,10.026619
SLVP,2023-11-28 20:00:00+00:00,10.0299,10.07,10.0,10.05,10281.0,54.0,10.042674
SLVP,2023-11-29 14:00:00+00:00,10.12,10.1499,10.055,10.1,7331.0,47.0,10.107101
SLVP,2023-11-29 15:00:00+00:00,10.05,10.14,10.05,10.12,9144.0,49.0,10.088242
SLVP,2023-11-29 16:00:00+00:00,10.05,10.05,10.03,10.03,3748.0,11.0,10.04532
SLVP,2023-11-29 17:00:00+00:00,10.06,10.1,10.06,10.08,1619.0,8.0,10.084324
SLVP,2023-11-29 18:00:00+00:00,10.0801,10.11,10.08,10.11,3940.0,15.0,10.094983
SLVP,2023-11-29 19:00:00+00:00,10.1002,10.1494,10.094,10.094,5844.0,13.0,10.12512
SLVP,2023-11-29 20:00:00+00:00,10.13,10.15,10.1,10.15,10400.0,37.0,10.120232
SLVP,2023-11-29 21:00:00+00:00,10.15,10.15,10.15,10.15,144.0,1.0,10.15
SLVP,2023-11-30 12:00:00+00:00,10.19,10.19,10.19,10.19,249.0,2.0,10.19
SLVP,2023-11-30 14:00:00+00:00,10.11,10.11,9.985,10.01,10086.0,75.0,10.021827
SLVP,2023-11-30 15:00:00+00:00,10.065,10.08,9.99,10.06,25327.0,91.0,10.027012
SLVP,2023-11-30 16:00:00+00:00,10.08,10.105,10.06,10.09,1760.0,15.0,10.085199
SLVP,2023-11-30 17:00:00+00:00,10.07,10.105,10.07,10.08,4775.0,22.0,10.089516
SLVP,2023-11-30 18:00:00+00:00,10.11,10.11,10.0901,10.1001,4380.0,14.0,10.10068
SLVP,2023-11-30 19:00:00+00:00,10.148,10.17,10.1205,10.15,2520.0,7.0,10.133905
SLVP,2023-11-30 20:00:00+00:00,10.17,10.2,10.14,10.2,45171.0,55.0,10.17005
SLVP,2023-12-01 14:00:00+00:00,10.08,10.25,10.08,10.2475,12032.0,34.0,10.183228
SLVP,2023-12-01 15:00:00+00:00,10.25,10.295,10.2,10.225,15092.0,47.0,10.217329
SLVP,2023-12-01 16:00:00+00:00,10.18,10.35,10.18,10.3399,49579.0,54.0,10.333215
SLVP,2023-12-01 17:00:00+00:00,10.3206,10.36,10.294,10.345,1580.0,10.0,10.324516
SLVP,2023-12-01 18:00:00+00:00,10.35,10.4,10.3401,10.3995,5813.0,19.0,10.36642
SLVP,2023-12-01 19:00:00+00:00,10.3875,10.401,10.375,10.375,7842.0,45.0,10.390158
SLVP,2023-12-01 20:00:00+00:00,10.372,10.49,10.372,10.46,18637.0,90.0,10.433447
SLVP,2023-12-01 21:00:00+00:00,10.47,10.47,10.4,10.4,907.0,2.0,10.408258
SLVP,2023-12-04 12:00:00+00:00,10.47,10.47,10.47,10.47,181.0,2.0,10.47
SLVP,2023-12-04 13:00:00+00:00,10.47,10.55,10.47,10.49,16322.0,4.0,10.489166
SLVP,2023-12-04 14:00:00+00:00,10.37,10.37,10.26,10.28,18331.0,88.0,10.327998
SLVP,2023-12-04 15:00:00+00:00,10.2701,10.3091,10.215,10.23,24470.0,46.0,10.238945
SLVP,2023-12-04 16:00:00+00:00,10.185,10.22,10.17,10.2199,4356.0,11.0,10.191731
SLVP,2023-12-04 17:00:00+00:00,10.215,10.2799,10.215,10.23,11135.0,29.0,10.236592
SLVP,2023-12-04 18:00:00+00:00,10.24,10.24,10.174,10.174,1563.0,15.0,10.21404
SLVP,2023-12-04 19:00:00+00:00,10.19,10.26,10.16,10.26,10680.0,38.0,10.209181
SLVP,2023-12-04 20:00:00+00:00,10.26,10.27,10.22,10.248,3584.0,34.0,10.243438
SLVP,2023-12-04 21:00:00+00:00,10.25,10.25,10.25,10.25,112.0,1.0,10.25
SLVP,2023-12-05 14:00:00+00:00,10.21,10.21,10.0,10.025,72946.0,56.0,10.199103
SLVP,2023-12-05 15:00:00+00:00,10.06,10.12,9.91,9.96,21787.0,83.0,10.019105
SLVP,2023-12-05 16:00:00+00:00,9.979,10.0,9.96,9.96,3052.0,20.0,9.98502
SLVP,2023-12-05 17:00:00+00:00,10.02,10.0501,10.01,10.03,5408.0,29.0,10.031793
SLVP,2023-12-05 18:00:00+00:00,10.04,10.08,10.0349,10.04,3323.0,16.0,10.055739
SLVP,2023-12-05 19:00:00+00:00,10.059,10.06,10.03,10.06,17126.0,44.0,10.054473
SLVP,2023-12-05 20:00:00+00:00,10.1,10.1099,10.02,10.02,13581.0,32.0,10.058438
SLVP,2023-12-05 21:00:00+00:00,10.05,10.05,10.05,10.05,148.0,1.0,10.05
SLVP,2023-12-06 14:00:00+00:00,10.11,10.1298,10.0,10.0768,15472.0,71.0,10.050046
SLVP,2023-12-06 15:00:00+00:00,10.0579,10.18,10.0579,10.17,11822.0,57.0,10.152582
SLVP,2023-12-06 16:00:00+00:00,10.13,10.1301,10.08,10.0904,8195.0,23.0,10.108319
SLVP,2023-12-06 17:00:00+00:00,10.06,10.0653,10.03,10.03,2057.0,12.0,10.046909
SLVP,2023-12-06 18:00:00+00:00,10.03,10.055,10.03,10.0494,4342.0,18.0,10.045874
SLVP,2023-12-06 19:00:00+00:00,10.03,10.065,10.03,10.05,827.0,7.0,10.052285
SLVP,2023-12-06 20:00:00+00:00,10.05,10.07,10.03,10.05,2780.0,27.0,10.042549
SLVP,2023-12-06 21:00:00+00:00,10.01,10.01,10.01,10.01,146.0,1.0,10.01
SLVP,2023-12-07 14:00:00+00:00,10.0,10.0,9.9,9.92,3004.0,24.0,9.97905
SLVP,2023-12-07 15:00:00+00:00,9.9299,9.98,9.91,9.95,17773.0,49.0,9.948266
SLVP,2023-12-07 16:00:00+00:00,9.94,9.98,9.9387,9.96,10438.0,24.0,9.948371
SLVP,2023-12-07 17:00:00+00:00,9.94,9.95,9.9,9.93,4277.0,25.0,9.924743
SLVP,2023-12-07 18:00:00+00:00,9.94,9.99,9.935,9.95,6899.0,18.0,9.949291
SLVP,2023-12-07 19:00:00+00:00,9.922,9.97,9.922,9.97,1486.0,13.0,9.94787
SLVP,2023-12-07 20:00:00+00:00,9.98,9.9994,9.93,9.93,13970.0,45.0,9.970503
SLVP,2023-12-07 21:00:00+00:00,9.96,9.96,9.96,9.96,187.0,1.0,9.96
SLVP,2023-12-08 14:00:00+00:00,9.75,9.91,9.66,9.91,18728.0,72.0,9.788047
SLVP,2023-12-08 15:00:00+00:00,9.94,9.9495,9.855,9.89,6418.0,23.0,9.914209
SLVP,2023-12-08 16:00:00+00:00,9.89,9.9,9.78,9.7969,7208.0,35.0,9.842922
SLVP,2023-12-08 17:00:00+00:00,9.79,9.795,9.69,9.7,14525.0,40.0,9.712492
SLVP,2023-12-08 18:00:00+00:00,9.71,9.7541,9.71,9.74,1760.0,15.0,9.733012
SLVP,2023-12-08 19:00:00+00:00,9.74,9.81,9.74,9.8099,4240.0,42.0,9.785347
SLVP,2023-12-08 20:00:00+00:00,9.805,9.85,9.76,9.77,8869.0,60.0,9.805725
SLVP,2023-12-08 21:00:00+00:00,9.78,9.78,9.68,9.68,250.0,2.0,9.7388
SLVP,2023-12-11 14:00:00+00:00,9.65,9.78,9.51,9.62,14052.0,98.0,9.609177
SLVP,2023-12-11 15:00:00+00:00,9.625,9.6799,9.62,9.65,7726.0,25.0,9.645685
SLVP,2023-12-11 16:00:00+00:00,9.65,9.68,9.65,9.68,5134.0,36.0,9.66119
SLVP,2023-12-11 17:00:00+00:00,9.6617,9.68,9.66,9.67,3648.0,12.0,9.667672
SLVP,2023-12-11 18:00:00+00:00,9.67,9.7093,9.67,9.7,1720.0,16.0,9.685209
SLVP,2023-12-11 19:00:00+00:00,9.71,9.738,9.71,9.738,1789.0,3.0,9.735529
SLVP,2023-12-11 20:00:00+00:00,9.75,9.76,9.74,9.74,9977.0,45.0,9.748918
SLVP,2023-12-11 21:00:00+00:00,9.74,9.74,9.74,9.74,148.0,1.0,9.74
SLVP,2023-12-12 14:00:00+00:00,9.84,9.84,9.6,9.6,4652.0,37.0,9.651725
SLVP,2023-12-12 15:00:00+00:00,9.64,9.6799,9.6099,9.6099,1896.0,14.0,9.635078
SLVP,2023-12-12 16:00:00+00:00,9.61,9.615,9.5411,9.5411,4801.0,15.0,9.582128
SLVP,2023-12-12 17:00:00+00:00,9.5199,9.53,9.46,9.46,7322.0,40.0,9.502625
SLVP,2023-12-12 18:00:00+00:00,9.47,9.51,9.47,9.47,11523.0,34.0,9.492392
SLVP,2023-12-12 19:00:00+00:00,9.48,9.55,9.478,9.54,22287.0,56.0,9.521327
SLVP,2023-12-12 20:00:00+00:00,9.545,9.545,9.46,9.52,19206.0,78.0,9.490429
SLVP,2023-12-12 21:00:00+00:00,9.52,9.56,9.52,9.56,201.0,3.0,9.554826
SLVP,2023-12-13 14:00:00+00:00,9.46,9.6095,9.46,9.545,1834.0,18.0,9.521727
SLVP,2023-12-13 15:00:00+00:00,9.54,9.615,9.54,9.595,3662.0,22.0,9.592466
SLVP,2023-12-13 16:00:00+00:00,9.59,9.61,9.5571,9.58,1992.0,9.0,9.587154
SLVP,2023-12-13 17:00:00+00:00,9.59,9.595,9.59,9.595,1170.0,2.0,9.590726
SLVP,2023-12-13 18:00:00+00:00,9.5701,9.576,9.5701,9.576,464.0,2.0,9.574093
SLVP,2023-12-13 19:00:00+00:00,9.62,9.985,9.62,9.985,3088.0,34.0,9.836442
SLVP,2023-12-13 20:00:00+00:00,10.0,10.15,9.995,10.15,87122.0,129.0,10.100583
SLVP,2023-12-13 21:00:00+00:00,10.12,10.12,10.12,10.12,184.0,1.0,10.12
SLVP,2023-12-14 12:00:00+00:00,10.31,10.49,10.31,10.4,600.0,5.0,10.4435
SLVP,2023-12-14 14:00:00+00:00,10.4,10.54,10.35,10.435,34576.0,127.0,10.439034
SLVP,2023-12-14 15:00:00+00:00,10.45,10.45,10.261,10.33,11964.0,49.0,10.352383
SLVP,2023-12-14 16:00:00+00:00,10.3499,10.3999,10.34,10.35,6199.0,35.0,10.372095
SLVP,2023-12-14 17:00:00+00:00,10.33,10.3499,10.3,10.3,2734.0,14.0,10.334723
SLVP,2023-12-14 18:00:00+00:00,10.26,10.28,10.25,10.25,2313.0,22.0,10.272823
SLVP,2023-12-14 19:00:00+00:00,10.25,10.25,10.21,10.24,1263.0,14.0,10.240317
SLVP,2023-12-14 20:00:00+00:00,10.26,10.31,10.25,10.27,6825.0,59.0,10.274989
SLVP,2023-12-15 14:00:00+00:00,10.3,10.3,10.1394,10.1604,1356.0,17.0,10.198234
SLVP,2023-12-15 15:00:00+00:00,10.255,10.27,10.2198,10.27,29338.0,53.0,10.245931
SLVP,2023-12-15 16:00:00+00:00,10.26,10.28,10.2201,10.27,10306.0,27.0,10.263841
SLVP,2023-12-15 17:00:00+00:00,10.27,10.27,10.22,10.25,7200.0,49.0,10.243889
SLVP,2023-12-15 18:00:00+00:00,10.25,10.27,10.17,10.19,16270.0,93.0,10.213436
SLVP,2023-12-15 19:00:00+00:00,10.23,10.23,10.16,10.2,7928.0,28.0,10.185443
SLVP,2023-12-15 20:00:00+00:00,10.205,10.2393,10.19,10.19,6149.0,30.0,10.211601
SLVP,2023-12-15 21:00:00+00:00,10.21,10.21,10.21,10.21,201.0,1.0,10.21
SLVP,2023-12-18 13:00:00+00:00,10.09,10.09,10.09,10.09,700.0,2.0,10.09
SLVP,2023-12-18 14:00:00+00:00,10.33,10.33,10.08,10.11,42864.0,158.0,10.164605
SLVP,2023-12-18 15:00:00+00:00,10.14,10.14,10.02,10.03,12018.0,71.0,10.083381
SLVP,2023-12-18 16:00:00+00:00,10.02,10.1,10.02,10.08,5921.0,26.0,10.061337
SLVP,2023-12-18 17:00:00+00:00,10.08,10.08,10.0601,10.075,6050.0,5.0,10.061087
SLVP,2023-12-18 18:00:00+00:00,10.135,10.135,10.05,10.05,4602.0,9.0,10.077358
SLVP,2023-12-18 19:00:00+00:00,10.08,10.1,10.0743,10.0743,11086.0,13.0,10.084973
SLVP,2023-12-18 20:00:00+00:00,10.08,10.1,10.06,10.1,4072.0,29.0,10.079619
SLVP,2023-12-18 21:00:00+00:00,10.11,10.11,10.11,10.11,260.0,1.0,10.11
SLVP,2023-12-19 14:00:00+00:00,10.08,10.35,10.08,10.35,4425.0,37.0,10.237001
SLVP,2023-12-19 15:00:00+00:00,10.33,10.49,10.33,10.4001,15608.0,62.0,10.392312
SLVP,2023-12-19 16:00:00+00:00,10.44,10.49,10.4,10.44,14189.0,94.0,10.436059
SLVP,2023-12-19 17:00:00+00:00,10.4,10.43,10.4,10.4288,1330.0,6.0,10.419069
SLVP,2023-12-19 18:00:00+00:00,10.4,10.4,10.33,10.3501,5400.0,16.0,10.347262
SLVP,2023-12-19 19:00:00+00:00,10.37,10.39,10.35,10.3601,11929.0,42.0,10.371163
SLVP,2023-12-19 20:00:00+00:00,10.375,10.4,10.34,10.38,10878.0,92.0,10.374737
SLVP,2023-12-19 21:00:00+00:00,10.39,10.39,10.39,10.39,168.0,1.0,10.39
SLVP,2023-12-20 14:00:00+00:00,10.31,10.39,10.28,10.3222,88968.0,151.0,10.300772
SLVP,2023-12-20 15:00:00+00:00,10.29,10.3332,10.27,10.308,5533.0,28.0,10.308442
SLVP,2023-12-20 16:00:00+00:00,10.3399,10.3399,10.28,10.3041,8225.0,16.0,10.318582
SLVP,2023-12-20 17:00:00+00:00,10.295,10.34,10.29,10.34,8695.0,25.0,10.301582
SLVP,2023-12-20 18:00:00+00:00,10.33,10.33,10.3098,10.32,3094.0,15.0,10.315372
SLVP,2023-12-20 19:00:00+00:00,10.316,10.3299,10.18,10.18,10288.0,41.0,10.247178
SLVP,2023-12-20 20:00:00+00:00,10.16,10.17,10.1,10.11,8875.0,38.0,10.137562
SLVP,2023-12-20 21:00:00+00:00,10.1,10.1,10.1,10.1,131.0,1.0,10.1
SLVP,2023-12-21 14:00:00+00:00,10.17,10.3099,10.17,10.3,10243.0,59.0,10.249191
SLVP,2023-12-21 15:00:00+00:00,10.3,10.3399,10.2,10.28,12216.0,27.0,10.300872
SLVP,2023-12-21 16:00:00+00:00,10.3099,10.34,10.2701,10.34,9672.0,21.0,10.290363
SLVP,2023-12-21 17:00:00+00:00,10.3399,10.3399,10.28,10.29,3188.0,20.0,10.302587
SLVP,2023-12-21 18:00:00+00:00,10.255,10.26,10.23,10.26,2079.0,15.0,10.238738
SLVP,2023-12-21 19:00:00+00:00,10.26,10.3001,10.26,10.3001,3662.0,6.0,10.29062
SLVP,2023-12-21 20:00:00+00:00,10.31,10.33,10.26,10.26,31279.0,113.0,10.310833
SLVP,2023-12-21 21:00:00+00:00,10.32,10.32,10.32,10.32,103.0,1.0,10.32
SLVP,2023-12-22 14:00:00+00:00,10.44,10.72,10.44,10.5901,74827.0,129.0,10.66528
SLVP,2023-12-22 15:00:00+00:00,10.5916,10.67,10.5,10.5,27555.0,115.0,10.604885
SLVP,2023-12-22 16:00:00+00:00,10.5072,10.53,10.461,10.51,19265.0,37.0,10.497551
SLVP,2023-12-22 17:00:00+00:00,10.48,10.5693,10.48,10.56,9194.0,44.0,10.525339
SLVP,2023-12-22 18:00:00+00:00,10.55,10.55,10.5,10.52,27690.0,92.0,10.526203
SLVP,2023-12-22 19:00:00+00:00,10.52,10.53,10.42,10.45,18463.0,83.0,10.477712
SLVP,2023-12-22 20:00:00+00:00,10.46,10.46,10.38,10.43,6751.0,17.0,10.394826
SLVP,2023-12-22 21:00:00+00:00,10.43,10.43,10.43,10.43,113.0,1.0,10.43
SLVP,2023-12-26 14:00:00+00:00,10.41,10.41,10.33,10.37,61420.0,68.0,10.339616
SLVP,2023-12-26 15:00:00+00:00,10.39,10.43,10.371,10.43,5272.0,26.0,10.403438
SLVP,2023-12-26 16:00:00+00:00,10.41,10.44,10.41,10.435,6046.0,22.0,10.437319
SLVP,2023-12-26 17:00:00+00:00,10.435,10.4499,10.41,10.4399,3281.0,13.0,10.436072
SLVP,2023-12-26 18:00:00+00:00,10.4105,10.44,10.4,10.43,26554.0,22.0,10.424012
SLVP,2023-12-26 19:00:00+00:00,10.44,10.45,10.41,10.45,22565.0,68.0,10.427707
SLVP,2023-12-26 20:00:00+00:00,10.466,10.466,10.43,10.44,8793.0,52.0,10.448193
SLVP,2023-12-26 21:00:00+00:00,10.46,10.46,10.46,10.46,166.0,1.0,10.46
SLVP,2023-12-27 14:00:00+00:00,10.54,10.54,10.485,10.4999,8393.0,30.0,10.515768
SLVP,2023-12-27 15:00:00+00:00,10.48,10.64,10.48,10.5757,60310.0,140.0,10.50613
SLVP,2023-12-27 16:00:00+00:00,10.595,10.61,10.58,10.6,7070.0,19.0,10.590463
SLVP,2023-12-27 17:00:00+00:00,10.58,10.6,10.58,10.6,3948.0,16.0,10.592612
SLVP,2023-12-27 18:00:00+00:00,10.58,10.6166,10.5501,10.5501,26287.0,32.0,10.585178
SLVP,2023-12-27 19:00:00+00:00,10.53,10.534,10.52,10.53,4047.0,19.0,10.527562
SLVP,2023-12-27 20:00:00+00:00,10.54,10.55,10.54,10.55,2404.0,21.0,10.545278
SLVP,2023-12-27 21:00:00+00:00,10.58,10.58,10.58,10.58,100.0,1.0,10.58
SLVP,2023-12-28 14:00:00+00:00,10.49,10.6,10.47,10.6,4503.0,29.0,10.547672
SLVP,2023-12-28 15:00:00+00:00,10.61,10.63,10.56,10.56,10135.0,47.0,10.606471
SLVP,2023-12-28 16:00:00+00:00,10.585,10.585,10.45,10.45,7303.0,37.0,10.486131
SLVP,2023-12-28 17:00:00+00:00,10.4799,10.4836,10.46,10.46,3076.0,16.0,10.472142
SLVP,2023-12-28 18:00:00+00:00,10.46,10.46,10.43,10.45,2091.0,24.0,10.448939
SLVP,2023-12-28 19:00:00+00:00,10.455,10.455,10.375,10.39,9774.0,51.0,10.418508
SLVP,2023-12-28 20:00:00+00:00,10.395,10.395,10.335,10.35,10815.0,67.0,10.369328
SLVP,2023-12-29 14:00:00+00:00,10.16,10.26,10.15,10.17,53523.0,123.0,10.189906
SLVP,2023-12-29 15:00:00+00:00,10.24,10.24,10.171,10.195,5905.0,30.0,10.200212
SLVP,2023-12-29 16:00:00+00:00,10.21,10.22,10.19,10.19,1678.0,9.0,10.205968
SLVP,2023-12-29 17:00:00+00:00,10.2183,10.23,10.1801,10.22,21660.0,48.0,10.196877
SLVP,2023-12-29 18:00:00+00:00,10.19,10.25,10.18,10.2495,9016.0,39.0,10.20194
SLVP,2023-12-29 19:00:00+00:00,10.2201,10.26,10.2201,10.23,9013.0,36.0,10.244039
SLVP,2023-12-29 20:00:00+00:00,10.245,10.26,10.16,10.16,21193.0,87.0,10.209895
SLVP,2023-12-29 21:00:00+00:00,10.18,10.18,10.18,10.18,126.0,1.0,10.18
SLVP,2023-12-29 22:00:00+00:00,10.106,10.106,10.106,10.106,780.0,2.0,10.106113
SLVP,2024-01-02 12:00:00+00:00,10.1,10.1,10.1,10.1,404.0,1.0,10.1
SLVP,2024-01-02 13:00:00+00:00,10.09,10.3,10.09,10.3,1501.0,4.0,10.157162
SLVP,2024-01-02 14:00:00+00:00,10.14,10.24,10.12,10.1609,17878.0,36.0,10.163924
SLVP,2024-01-02 15:00:00+00:00,10.199,10.2,10.03,10.0738,18392.0,47.0,10.106211
SLVP,2024-01-02 16:00:00+00:00,10.07,10.11,10.06,10.1,4681.0,25.0,10.081098
SLVP,2024-01-02 17:00:00+00:00,10.12,10.1538,10.08,10.1123,9498.0,45.0,10.119126
SLVP,2024-01-02 18:00:00+00:00,10.08,10.1338,10.05,10.05,16198.0,38.0,10.097229
SLVP,2024-01-02 19:00:00+00:00,10.0699,10.07,10.01,10.025,38391.0,75.0,10.050967
SLVP,2024-01-02 20:00:00+00:00,10.02,10.02,9.96,9.98,17058.0,166.0,9.993192
SLVP,2024-01-02 21:00:00+00:00,10.02,10.02,10.02,10.02,124.0,1.0,10.02
SLVP,2024-01-03 14:00:00+00:00,9.86,9.86,9.66,9.69,12386.0,80.0,9.757603
SLVP,2024-01-03 15:00:00+00:00,9.68,9.7665,9.62,9.64,11684.0,66.0,9.685114
SLVP,2024-01-03 16:00:00+00:00,9.6383,9.728,9.6383,9.67,12963.0,32.0,9.679841
SLVP,2024-01-03 17:00:00+00:00,9.68,9.6999,9.67,9.67,6090.0,28.0,9.683211
SLVP,2024-01-03 18:00:00+00:00,9.685,9.7,9.68,9.68,3034.0,21.0,9.687515
SLVP,2024-01-03 19:00:00+00:00,9.705,9.705,9.64,9.695,5661.0,25.0,9.668349
SLVP,2024-01-03 20:00:00+00:00,9.67,9.68,9.62,9.63,13196.0,71.0,9.643185
SLVP,2024-01-03 21:00:00+00:00,9.65,9.65,9.65,9.65,241.0,1.0,9.65
SLVP,2024-01-04 14:00:00+00:00,9.6,9.7,9.57,9.605,6764.0,31.0,9.600599
SLVP,2024-01-04 15:00:00+00:00,9.61,9.6784,9.61,9.6784,6029.0,45.0,9.643159
SLVP,2024-01-04 16:00:00+00:00,9.68,9.69,9.65,9.69,6721.0,22.0,9.671017
SLVP,2024-01-04 17:00:00+00:00,9.69,9.69,9.59,9.61,4891.0,36.0,9.634749
SLVP,2024-01-04 18:00:00+00:00,9.58,9.6599,9.58,9.62,3825.0,27.0,9.62333
SLVP,2024-01-04 19:00:00+00:00,9.65,9.65,9.59,9.65,4095.0,33.0,9.62273
SLVP,2024-01-04 20:00:00+00:00,9.6423,9.6599,9.61,9.64,15874.0,73.0,9.633967
SLVP,2024-01-05 13:00:00+00:00,9.55,9.55,9.55,9.55,100.0,1.0,9.55
SLVP,2024-01-05 14:00:00+00:00,9.62,9.7,9.6162,9.69,6810.0,45.0,9.667288
SLVP,2024-01-05 15:00:00+00:00,9.775,9.8844,9.77,9.795,19635.0,59.0,9.831177
SLVP,2024-01-05 16:00:00+00:00,9.7899,9.79,9.6701,9.685,3996.0,13.0,9.713492
SLVP,2024-01-05 17:00:00+00:00,9.65,9.67,9.61,9.63,3657.0,11.0,9.643131
SLVP,2024-01-05 18:00:00+00:00,9.6599,9.7,9.6599,9.68,3477.0,10.0,9.668086
SLVP,2024-01-05 19:00:00+00:00,9.72,9.7405,9.65,9.65,5692.0,25.0,9.683074
SLVP,2024-01-05 20:00:00+00:00,9.64,9.67,9.63,9.65,4113.0,22.0,9.649101
SLVP,2024-01-08 12:00:00+00:00,9.64,9.64,9.61,9.61,221.0,4.0,9.626335
SLVP,2024-01-08 14:00:00+00:00,9.55,9.65,9.55,9.6499,8471.0,68.0,9.58134
SLVP,2024-01-08 15:00:00+00:00,9.6773,9.69,9.635,9.6899,4030.0,14.0,9.67115
SLVP,2024-01-08 16:00:00+00:00,9.6799,9.7,9.67,9.6807,7750.0,19.0,9.678046
SLVP,2024-01-08 17:00:00+00:00,9.67,9.6999,9.63,9.64,2013.0,7.0,9.644461
SLVP,2024-01-08 18:00:00+00:00,9.6699,9.6822,9.6501,9.6501,3594.0,10.0,9.674271
SLVP,2024-01-08 19:00:00+00:00,9.654,9.6883,9.65,9.65,9438.0,56.0,9.666893
SLVP,2024-01-08 20:00:00+00:00,9.65,9.6597,9.62,9.63,21460.0,26.0,9.634225
SLVP,2024-01-09 14:00:00+00:00,9.63,9.7,9.5999,9.5999,2067.0,17.0,9.62994
SLVP,2024-01-09 15:00:00+00:00,9.575,9.575,9.53,9.53,8778.0,23.0,9.562789
SLVP,2024-01-09 16:00:00+00:00,9.5325,9.5499,9.5001,9.54,6178.0,35.0,9.521494
SLVP,2024-01-09 17:00:00+00:00,9.555,9.555,9.51,9.51,3524.0,21.0,9.534529
SLVP,2024-01-09 18:00:00+00:00,9.535,9.54,9.51,9.52,1473.0,13.0,9.515774
SLVP,2024-01-09 19:00:00+00:00,9.5299,9.5299,9.5,9.52,7899.0,27.0,9.509467
SLVP,2024-01-09 20:00:00+00:00,9.51,9.53,9.5,9.5,4616.0,37.0,9.51659
SLVP,2024-01-09 21:00:00+00:00,9.5,9.5,9.5,9.5,152.0,1.0,9.5
SLVP,2024-01-10 14:00:00+00:00,9.47,9.53,9.4533,9.4533,4078.0,26.0,9.482766
SLVP,2024-01-10 15:00:00+00:00,9.4699,9.4699,9.38,9.4232,14680.0,50.0,9.430074
SLVP,2024-01-10 16:00:00+00:00,9.445,9.47,9.41,9.42,2723.0,13.0,9.429732
SLVP,2024-01-10 17:00:00+00:00,9.42,9.48,9.42,9.48,2731.0,20.0,9.448442
SLVP,2024-01-10 18:00:00+00:00,9.475,9.5,9.46,9.475,4638.0,16.0,9.474518
SLVP,2024-01-10 19:00:00+00:00,9.465,9.5,9.44,9.5,9413.0,23.0,9.469152
SLVP,2024-01-10 20:00:00+00:00,9.4891,9.496,9.46,9.47,939.0,8.0,9.478339
SLVP,2024-01-10 21:00:00+00:00,9.47,9.47,9.47,9.47,161.0,1.0,9.47
SLVP,2024-01-11 14:00:00+00:00,9.48,9.5,9.45,9.475,5708.0,22.0,9.487162
SLVP,2024-01-11 15:00:00+00:00,9.43,9.43,9.31,9.31,13873.0,47.0,9.350709
SLVP,2024-01-11 16:00:00+00:00,9.295,9.31,9.161,9.18,93540.0,213.0,9.232137
SLVP,2024-01-11 17:00:00+00:00,9.2299,9.2399,9.19,9.2199,5777.0,35.0,9.220634
SLVP,2024-01-11 18:00:00+00:00,9.24,9.26,9.23,9.26,5425.0,17.0,9.250161
SLVP,2024-01-11 19:00:00+00:00,9.27,9.34,9.26,9.34,6107.0,18.0,9.279897
SLVP,2024-01-11 20:00:00+00:00,9.32,9.32,9.28,9.3,4563.0,16.0,9.313591
SLVP,2024-01-11 21:00:00+00:00,9.3,9.3,9.3,9.3,1.0,1.0,9.3
SLVP,2024-01-12 14:00:00+00:00,9.5,9.77,9.46,9.72,39704.0,47.0,9.56296
SLVP,2024-01-12 15:00:00+00:00,9.7,9.77,9.6942,9.6942,6215.0,15.0,9.724618
SLVP,2024-01-12 16:00:00+00:00,9.69,9.71,9.665,9.665,3386.0,14.0,9.686704
SLVP,2024-01-12 17:00:00+00:00,9.65,9.65,9.59,9.59,4001.0,20.0,9.601174
SLVP,2024-01-12 18:00:00+00:00,9.62,9.67,9.62,9.67,15505.0,23.0,9.660303
SLVP,2024-01-12 19:00:00+00:00,9.66,9.67,9.6,9.6,4426.0,22.0,9.644281
SLVP,2024-01-12 20:00:00+00:00,9.6,9.63,9.6,9.615,1079.0,14.0,9.615644
SLVP,2024-01-12 21:00:00+00:00,9.6,9.6,9.6,9.6,343.0,1.0,9.6
SLVP,2024-01-16 14:00:00+00:00,9.455,9.475,9.3,9.34,23530.0,125.0,9.362931
SLVP,2024-01-16 15:00:00+00:00,9.324,9.33,9.3,9.33,9036.0,59.0,9.318529
SLVP,2024-01-16 16:00:00+00:00,9.3,9.31,9.27,9.2883,10403.0,50.0,9.290003
SLVP,2024-01-16 17:00:00+00:00,9.27,9.2892,9.21,9.22,17106.0,37.0,9.219858
SLVP,2024-01-16 18:00:00+00:00,9.2195,9.24,9.21,9.2301,3341.0,22.0,9.22773
SLVP,2024-01-16 19:00:00+00:00,9.255,9.27,9.2401,9.26,4197.0,13.0,9.259528
SLVP,2024-01-16 20:00:00+00:00,9.255,9.27,9.21,9.21,25539.0,98.0,9.246982
SLVP,2024-01-16 21:00:00+00:00,9.21,9.21,9.21,9.21,106.0,1.0,9.21
